(kicad_pcb (version 20171130) (host pcbnew "(5.1.6)-1")

  (general
    (thickness 1.6)
    (drawings 8)
    (tracks 367)
    (zones 0)
    (modules 48)
    (nets 106)
  )

  (page USLedger)
  (layers
    (0 F.Cu signal)
    (31 B.Cu signal)
    (32 B.Adhes user)
    (33 F.Adhes user)
    (34 B.Paste user)
    (35 F.Paste user)
    (36 B.SilkS user)
    (37 F.SilkS user)
    (38 B.Mask user)
    (39 F.Mask user)
    (40 Dwgs.User user)
    (41 Cmts.User user)
    (42 Eco1.User user)
    (43 Eco2.User user)
    (44 Edge.Cuts user)
    (45 Margin user)
    (46 B.CrtYd user)
    (47 F.CrtYd user)
    (48 B.Fab user hide)
    (49 F.Fab user hide)
  )

  (setup
    (last_trace_width 1.016)
    (user_trace_width 1.016)
    (trace_clearance 0.2)
    (zone_clearance 0.508)
    (zone_45_only no)
    (trace_min 0.2)
    (via_size 0.8)
    (via_drill 0.4)
    (via_min_size 0.4)
    (via_min_drill 0.3)
    (uvia_size 0.3)
    (uvia_drill 0.1)
    (uvias_allowed no)
    (uvia_min_size 0.2)
    (uvia_min_drill 0.1)
    (edge_width 0.05)
    (segment_width 0.2)
    (pcb_text_width 0.3)
    (pcb_text_size 1.5 1.5)
    (mod_edge_width 0.12)
    (mod_text_size 1 1)
    (mod_text_width 0.15)
    (pad_size 1.524 1.524)
    (pad_drill 0.762)
    (pad_to_mask_clearance 0.05)
    (aux_axis_origin 0 0)
    (visible_elements 7FFFF7FF)
    (pcbplotparams
      (layerselection 0x010fc_ffffffff)
      (usegerberextensions false)
      (usegerberattributes true)
      (usegerberadvancedattributes true)
      (creategerberjobfile true)
      (excludeedgelayer true)
      (linewidth 0.100000)
      (plotframeref false)
      (viasonmask false)
      (mode 1)
      (useauxorigin false)
      (hpglpennumber 1)
      (hpglpenspeed 20)
      (hpglpendiameter 15.000000)
      (psnegative false)
      (psa4output false)
      (plotreference true)
      (plotvalue true)
      (plotinvisibletext false)
      (padsonsilk false)
      (subtractmaskfromsilk false)
      (outputformat 1)
      (mirror false)
      (drillshape 1)
      (scaleselection 1)
      (outputdirectory ""))
  )

  (net 0 "")
  (net 1 +5V)
  (net 2 GND)
  (net 3 LOAD)
  (net 4 CLK)
  (net 5 NAV_LEFT)
  (net 6 DIN)
  (net 7 NAV_RIGHT)
  (net 8 COMM_LEFT)
  (net 9 NAV_KHZ_SW)
  (net 10 COMM_RIGHT)
  (net 11 NAV_TX_SW)
  (net 12 COMM_KHZ_SW)
  (net 13 COMM_TX_SW)
  (net 14 COMM_VOL_LEFT)
  (net 15 COMM_VOL_RIGHT)
  (net 16 TEST_SW)
  (net 17 TEST_LED)
  (net 18 IDENT_SW)
  (net 19 "Net-(J1-Pad22)")
  (net 20 IDENT_LED)
  (net 21 "Net-(J1-Pad24)")
  (net 22 "/5 digit LCD display/SEG_DP")
  (net 23 "/5 digit LCD display/SEG_B")
  (net 24 "/5 digit LCD display/SEG_C")
  (net 25 "/5 digit LCD display/SEG_A")
  (net 26 "/5 digit LCD display/DIG_4")
  (net 27 "/5 digit LCD display/SEG_D")
  (net 28 "/5 digit LCD display/SEG_F")
  (net 29 "/5 digit LCD display/SEG_E")
  (net 30 "/5 digit LCD display/SEG_G")
  (net 31 "/5 digit LCD display/DIG_3")
  (net 32 "/5 digit LCD display/DIG_2")
  (net 33 "/5 digit LCD display/DIG_1")
  (net 34 "/5 digit LCD display/DIG_0")
  (net 35 /sheet5F611637/SEG_DP)
  (net 36 /sheet5F611637/SEG_B)
  (net 37 /sheet5F611637/SEG_C)
  (net 38 /sheet5F611637/SEG_A)
  (net 39 /sheet5F611637/DIG_4)
  (net 40 /sheet5F611637/SEG_D)
  (net 41 /sheet5F611637/SEG_F)
  (net 42 /sheet5F611637/SEG_E)
  (net 43 /sheet5F611637/SEG_G)
  (net 44 /sheet5F611637/DIG_3)
  (net 45 /sheet5F611637/DIG_2)
  (net 46 /sheet5F611637/DIG_1)
  (net 47 /sheet5F611637/DIG_0)
  (net 48 /sheet5F613960/SEG_G)
  (net 49 /sheet5F613960/SEG_E)
  (net 50 /sheet5F613960/SEG_F)
  (net 51 /sheet5F613960/SEG_D)
  (net 52 /sheet5F613960/DIG_4)
  (net 53 /sheet5F613960/SEG_A)
  (net 54 /sheet5F613960/SEG_C)
  (net 55 /sheet5F613960/SEG_B)
  (net 56 /sheet5F613960/SEG_DP)
  (net 57 /sheet5F613960/DIG_3)
  (net 58 /sheet5F613960/DIG_2)
  (net 59 /sheet5F613960/DIG_1)
  (net 60 /sheet5F613960/DIG_0)
  (net 61 /sheet5F613961/SEG_DP)
  (net 62 /sheet5F613961/SEG_B)
  (net 63 /sheet5F613961/SEG_C)
  (net 64 /sheet5F613961/SEG_A)
  (net 65 /sheet5F613961/DIG_4)
  (net 66 /sheet5F613961/SEG_D)
  (net 67 /sheet5F613961/SEG_F)
  (net 68 /sheet5F613961/SEG_E)
  (net 69 /sheet5F613961/SEG_G)
  (net 70 /sheet5F613961/DIG_3)
  (net 71 /sheet5F613961/DIG_2)
  (net 72 /sheet5F613961/DIG_1)
  (net 73 /sheet5F613961/DIG_0)
  (net 74 "Net-(R1-Pad2)")
  (net 75 ISET)
  (net 76 "Net-(RV1-Pad2)")
  (net 77 /sheet5F611637/DIN)
  (net 78 "Net-(U1-Pad10)")
  (net 79 "Net-(U1-Pad8)")
  (net 80 "Net-(U1-Pad5)")
  (net 81 /sheet5F613960/DIN)
  (net 82 "Net-(U3-Pad5)")
  (net 83 "Net-(U3-Pad8)")
  (net 84 "Net-(U3-Pad10)")
  (net 85 /sheet5F613961/DIN)
  (net 86 "Net-(J1-Pad23)")
  (net 87 "Net-(D1-Pad2)")
  (net 88 "Net-(D2-Pad2)")
  (net 89 DOUT)
  (net 90 "/Tuning rotary encoder and switch/A")
  (net 91 "/Tuning rotary encoder and switch/B")
  (net 92 /sheet5F5DD32A/A)
  (net 93 /sheet5F5DD32A/B)
  (net 94 /sheet5F5E0D6C/A)
  (net 95 /sheet5F5E0D6C/B)
  (net 96 "Net-(D3-Pad2)")
  (net 97 "Net-(J1-Pad20)")
  (net 98 "Net-(J1-Pad21)")
  (net 99 "Net-(J2-PadMP)")
  (net 100 "Net-(U5-Pad10)")
  (net 101 "Net-(U5-Pad8)")
  (net 102 "Net-(U5-Pad5)")
  (net 103 "Net-(U7-Pad5)")
  (net 104 "Net-(U7-Pad8)")
  (net 105 "Net-(U7-Pad10)")

  (net_class Default "This is the default net class."
    (clearance 0.2)
    (trace_width 0.25)
    (via_dia 0.8)
    (via_drill 0.4)
    (uvia_dia 0.3)
    (uvia_drill 0.1)
    (add_net +5V)
    (add_net "/5 digit LCD display/DIG_0")
    (add_net "/5 digit LCD display/DIG_1")
    (add_net "/5 digit LCD display/DIG_2")
    (add_net "/5 digit LCD display/DIG_3")
    (add_net "/5 digit LCD display/DIG_4")
    (add_net "/5 digit LCD display/SEG_A")
    (add_net "/5 digit LCD display/SEG_B")
    (add_net "/5 digit LCD display/SEG_C")
    (add_net "/5 digit LCD display/SEG_D")
    (add_net "/5 digit LCD display/SEG_DP")
    (add_net "/5 digit LCD display/SEG_E")
    (add_net "/5 digit LCD display/SEG_F")
    (add_net "/5 digit LCD display/SEG_G")
    (add_net "/Tuning rotary encoder and switch/A")
    (add_net "/Tuning rotary encoder and switch/B")
    (add_net /sheet5F5DD32A/A)
    (add_net /sheet5F5DD32A/B)
    (add_net /sheet5F5E0D6C/A)
    (add_net /sheet5F5E0D6C/B)
    (add_net /sheet5F611637/DIG_0)
    (add_net /sheet5F611637/DIG_1)
    (add_net /sheet5F611637/DIG_2)
    (add_net /sheet5F611637/DIG_3)
    (add_net /sheet5F611637/DIG_4)
    (add_net /sheet5F611637/DIN)
    (add_net /sheet5F611637/SEG_A)
    (add_net /sheet5F611637/SEG_B)
    (add_net /sheet5F611637/SEG_C)
    (add_net /sheet5F611637/SEG_D)
    (add_net /sheet5F611637/SEG_DP)
    (add_net /sheet5F611637/SEG_E)
    (add_net /sheet5F611637/SEG_F)
    (add_net /sheet5F611637/SEG_G)
    (add_net /sheet5F613960/DIG_0)
    (add_net /sheet5F613960/DIG_1)
    (add_net /sheet5F613960/DIG_2)
    (add_net /sheet5F613960/DIG_3)
    (add_net /sheet5F613960/DIG_4)
    (add_net /sheet5F613960/DIN)
    (add_net /sheet5F613960/SEG_A)
    (add_net /sheet5F613960/SEG_B)
    (add_net /sheet5F613960/SEG_C)
    (add_net /sheet5F613960/SEG_D)
    (add_net /sheet5F613960/SEG_DP)
    (add_net /sheet5F613960/SEG_E)
    (add_net /sheet5F613960/SEG_F)
    (add_net /sheet5F613960/SEG_G)
    (add_net /sheet5F613961/DIG_0)
    (add_net /sheet5F613961/DIG_1)
    (add_net /sheet5F613961/DIG_2)
    (add_net /sheet5F613961/DIG_3)
    (add_net /sheet5F613961/DIG_4)
    (add_net /sheet5F613961/DIN)
    (add_net /sheet5F613961/SEG_A)
    (add_net /sheet5F613961/SEG_B)
    (add_net /sheet5F613961/SEG_C)
    (add_net /sheet5F613961/SEG_D)
    (add_net /sheet5F613961/SEG_DP)
    (add_net /sheet5F613961/SEG_E)
    (add_net /sheet5F613961/SEG_F)
    (add_net /sheet5F613961/SEG_G)
    (add_net CLK)
    (add_net COMM_KHZ_SW)
    (add_net COMM_LEFT)
    (add_net COMM_RIGHT)
    (add_net COMM_TX_SW)
    (add_net COMM_VOL_LEFT)
    (add_net COMM_VOL_RIGHT)
    (add_net DIN)
    (add_net DOUT)
    (add_net GND)
    (add_net IDENT_LED)
    (add_net IDENT_SW)
    (add_net ISET)
    (add_net LOAD)
    (add_net NAV_KHZ_SW)
    (add_net NAV_LEFT)
    (add_net NAV_RIGHT)
    (add_net NAV_TX_SW)
    (add_net "Net-(D1-Pad2)")
    (add_net "Net-(D2-Pad2)")
    (add_net "Net-(D3-Pad2)")
    (add_net "Net-(J1-Pad20)")
    (add_net "Net-(J1-Pad21)")
    (add_net "Net-(J1-Pad22)")
    (add_net "Net-(J1-Pad23)")
    (add_net "Net-(J1-Pad24)")
    (add_net "Net-(J2-PadMP)")
    (add_net "Net-(R1-Pad2)")
    (add_net "Net-(RV1-Pad2)")
    (add_net "Net-(U1-Pad10)")
    (add_net "Net-(U1-Pad5)")
    (add_net "Net-(U1-Pad8)")
    (add_net "Net-(U3-Pad10)")
    (add_net "Net-(U3-Pad5)")
    (add_net "Net-(U3-Pad8)")
    (add_net "Net-(U5-Pad10)")
    (add_net "Net-(U5-Pad5)")
    (add_net "Net-(U5-Pad8)")
    (add_net "Net-(U7-Pad10)")
    (add_net "Net-(U7-Pad5)")
    (add_net "Net-(U7-Pad8)")
    (add_net TEST_LED)
    (add_net TEST_SW)
  )

  (net_class +5V ""
    (clearance 0.2)
    (trace_width 1.016)
    (via_dia 0.8)
    (via_drill 0.4)
    (uvia_dia 0.3)
    (uvia_drill 0.1)
  )

  (net_class GND ""
    (clearance 0.2)
    (trace_width 1.016)
    (via_dia 0.8)
    (via_drill 0.4)
    (uvia_dia 0.3)
    (uvia_drill 0.1)
  )

  (module "Cessna 172 nav and com radio:3651A" (layer F.Cu) (tedit 5F5EA156) (tstamp 5F5F3027)
    (at 46.228 32.512)
    (descr "5 digit 7 segment LED common cathode display")
    (path /5F60A880/5F5F5D43)
    (fp_text reference U2 (at -18.796 8.128 180) (layer F.SilkS)
      (effects (font (size 1 1) (thickness 0.15)))
    )
    (fp_text value 3651A (at 0 0) (layer F.Fab)
      (effects (font (size 1 1) (thickness 0.15)))
    )
    (fp_line (start -20.75 -7) (end 20.75 -7) (layer F.CrtYd) (width 0.12))
    (fp_line (start 20.75 -7) (end 20.75 7) (layer F.CrtYd) (width 0.12))
    (fp_line (start 20.75 7) (end -20.75 7) (layer F.CrtYd) (width 0.12))
    (fp_line (start -20.75 7) (end -20.75 -7) (layer F.CrtYd) (width 0.12))
    (fp_line (start -21 -7.25) (end 21 -7.25) (layer F.SilkS) (width 0.2032))
    (fp_line (start 21 -7.25) (end 21 7.25) (layer F.SilkS) (width 0.2032))
    (fp_line (start 21 7.25) (end -21 7.25) (layer F.SilkS) (width 0.2032))
    (fp_line (start -21 7.25) (end -21 -7.25) (layer F.SilkS) (width 0.2032))
    (fp_circle (center -20.75 8) (end -20.5 8.25) (layer F.SilkS) (width 0.2032))
    (pad 7 thru_hole oval (at 7.62 5.08) (size 1.2 2) (drill 0.8) (layers *.Cu *.Mask))
    (pad 8 thru_hole oval (at 7.62 -5.08) (size 1.2 2) (drill 0.8) (layers *.Cu *.Mask)
      (net 26 "/5 digit LCD display/DIG_4"))
    (pad 6 thru_hole oval (at 5.08 5.08) (size 1.2 2) (drill 0.8) (layers *.Cu *.Mask)
      (net 31 "/5 digit LCD display/DIG_3"))
    (pad 9 thru_hole oval (at 5.08 -5.08) (size 1.2 2) (drill 0.8) (layers *.Cu *.Mask)
      (net 23 "/5 digit LCD display/SEG_B"))
    (pad 5 thru_hole oval (at 2.54 5.08) (size 1.2 2) (drill 0.8) (layers *.Cu *.Mask)
      (net 30 "/5 digit LCD display/SEG_G"))
    (pad 10 thru_hole oval (at 2.54 -5.08) (size 1.2 2) (drill 0.8) (layers *.Cu *.Mask)
      (net 32 "/5 digit LCD display/DIG_2"))
    (pad 4 thru_hole oval (at 0 5.08) (size 1.2 2) (drill 0.8) (layers *.Cu *.Mask)
      (net 24 "/5 digit LCD display/SEG_C"))
    (pad 11 thru_hole oval (at 0 -5.08) (size 1.2 2) (drill 0.8) (layers *.Cu *.Mask)
      (net 33 "/5 digit LCD display/DIG_1"))
    (pad 3 thru_hole oval (at -2.54 5.08) (size 1.2 2) (drill 0.8) (layers *.Cu *.Mask)
      (net 22 "/5 digit LCD display/SEG_DP"))
    (pad 12 thru_hole oval (at -2.54 -5.08) (size 1.2 2) (drill 0.8) (layers *.Cu *.Mask)
      (net 28 "/5 digit LCD display/SEG_F"))
    (pad 2 thru_hole oval (at -5.08 5.08) (size 1.2 2) (drill 0.8) (layers *.Cu *.Mask)
      (net 27 "/5 digit LCD display/SEG_D"))
    (pad 13 thru_hole oval (at -5.08 -5.08) (size 1.2 2) (drill 0.8) (layers *.Cu *.Mask)
      (net 25 "/5 digit LCD display/SEG_A"))
    (pad 1 thru_hole oval (at -7.62 5.08) (size 1.2 2) (drill 0.8) (layers *.Cu *.Mask)
      (net 29 "/5 digit LCD display/SEG_E"))
    (pad 14 thru_hole oval (at -7.62 -5.08) (size 1.2 2) (drill 0.8) (layers *.Cu *.Mask)
      (net 34 "/5 digit LCD display/DIG_0"))
  )

  (module Capacitor_THT:CP_Radial_D5.0mm_P2.00mm (layer B.Cu) (tedit 5AE50EF0) (tstamp 5F5F2CCA)
    (at 28.448 19.812 180)
    (descr "CP, Radial series, Radial, pin pitch=2.00mm, , diameter=5mm, Electrolytic Capacitor")
    (tags "CP Radial series Radial pin pitch 2.00mm  diameter 5mm Electrolytic Capacitor")
    (path /5F5E40FA)
    (fp_text reference C1 (at 1 3.75) (layer B.SilkS)
      (effects (font (size 1 1) (thickness 0.15)) (justify mirror))
    )
    (fp_text value 10uF (at 1 -3.75) (layer B.Fab)
      (effects (font (size 1 1) (thickness 0.15)) (justify mirror))
    )
    (fp_circle (center 1 0) (end 3.5 0) (layer B.Fab) (width 0.1))
    (fp_circle (center 1 0) (end 3.62 0) (layer B.SilkS) (width 0.12))
    (fp_circle (center 1 0) (end 3.75 0) (layer B.CrtYd) (width 0.05))
    (fp_line (start -1.133605 1.0875) (end -0.633605 1.0875) (layer B.Fab) (width 0.1))
    (fp_line (start -0.883605 1.3375) (end -0.883605 0.8375) (layer B.Fab) (width 0.1))
    (fp_line (start 1 -1.04) (end 1 -2.58) (layer B.SilkS) (width 0.12))
    (fp_line (start 1 2.58) (end 1 1.04) (layer B.SilkS) (width 0.12))
    (fp_line (start 1.04 -1.04) (end 1.04 -2.58) (layer B.SilkS) (width 0.12))
    (fp_line (start 1.04 2.58) (end 1.04 1.04) (layer B.SilkS) (width 0.12))
    (fp_line (start 1.08 2.579) (end 1.08 1.04) (layer B.SilkS) (width 0.12))
    (fp_line (start 1.08 -1.04) (end 1.08 -2.579) (layer B.SilkS) (width 0.12))
    (fp_line (start 1.12 2.578) (end 1.12 1.04) (layer B.SilkS) (width 0.12))
    (fp_line (start 1.12 -1.04) (end 1.12 -2.578) (layer B.SilkS) (width 0.12))
    (fp_line (start 1.16 2.576) (end 1.16 1.04) (layer B.SilkS) (width 0.12))
    (fp_line (start 1.16 -1.04) (end 1.16 -2.576) (layer B.SilkS) (width 0.12))
    (fp_line (start 1.2 2.573) (end 1.2 1.04) (layer B.SilkS) (width 0.12))
    (fp_line (start 1.2 -1.04) (end 1.2 -2.573) (layer B.SilkS) (width 0.12))
    (fp_line (start 1.24 2.569) (end 1.24 1.04) (layer B.SilkS) (width 0.12))
    (fp_line (start 1.24 -1.04) (end 1.24 -2.569) (layer B.SilkS) (width 0.12))
    (fp_line (start 1.28 2.565) (end 1.28 1.04) (layer B.SilkS) (width 0.12))
    (fp_line (start 1.28 -1.04) (end 1.28 -2.565) (layer B.SilkS) (width 0.12))
    (fp_line (start 1.32 2.561) (end 1.32 1.04) (layer B.SilkS) (width 0.12))
    (fp_line (start 1.32 -1.04) (end 1.32 -2.561) (layer B.SilkS) (width 0.12))
    (fp_line (start 1.36 2.556) (end 1.36 1.04) (layer B.SilkS) (width 0.12))
    (fp_line (start 1.36 -1.04) (end 1.36 -2.556) (layer B.SilkS) (width 0.12))
    (fp_line (start 1.4 2.55) (end 1.4 1.04) (layer B.SilkS) (width 0.12))
    (fp_line (start 1.4 -1.04) (end 1.4 -2.55) (layer B.SilkS) (width 0.12))
    (fp_line (start 1.44 2.543) (end 1.44 1.04) (layer B.SilkS) (width 0.12))
    (fp_line (start 1.44 -1.04) (end 1.44 -2.543) (layer B.SilkS) (width 0.12))
    (fp_line (start 1.48 2.536) (end 1.48 1.04) (layer B.SilkS) (width 0.12))
    (fp_line (start 1.48 -1.04) (end 1.48 -2.536) (layer B.SilkS) (width 0.12))
    (fp_line (start 1.52 2.528) (end 1.52 1.04) (layer B.SilkS) (width 0.12))
    (fp_line (start 1.52 -1.04) (end 1.52 -2.528) (layer B.SilkS) (width 0.12))
    (fp_line (start 1.56 2.52) (end 1.56 1.04) (layer B.SilkS) (width 0.12))
    (fp_line (start 1.56 -1.04) (end 1.56 -2.52) (layer B.SilkS) (width 0.12))
    (fp_line (start 1.6 2.511) (end 1.6 1.04) (layer B.SilkS) (width 0.12))
    (fp_line (start 1.6 -1.04) (end 1.6 -2.511) (layer B.SilkS) (width 0.12))
    (fp_line (start 1.64 2.501) (end 1.64 1.04) (layer B.SilkS) (width 0.12))
    (fp_line (start 1.64 -1.04) (end 1.64 -2.501) (layer B.SilkS) (width 0.12))
    (fp_line (start 1.68 2.491) (end 1.68 1.04) (layer B.SilkS) (width 0.12))
    (fp_line (start 1.68 -1.04) (end 1.68 -2.491) (layer B.SilkS) (width 0.12))
    (fp_line (start 1.721 2.48) (end 1.721 1.04) (layer B.SilkS) (width 0.12))
    (fp_line (start 1.721 -1.04) (end 1.721 -2.48) (layer B.SilkS) (width 0.12))
    (fp_line (start 1.761 2.468) (end 1.761 1.04) (layer B.SilkS) (width 0.12))
    (fp_line (start 1.761 -1.04) (end 1.761 -2.468) (layer B.SilkS) (width 0.12))
    (fp_line (start 1.801 2.455) (end 1.801 1.04) (layer B.SilkS) (width 0.12))
    (fp_line (start 1.801 -1.04) (end 1.801 -2.455) (layer B.SilkS) (width 0.12))
    (fp_line (start 1.841 2.442) (end 1.841 1.04) (layer B.SilkS) (width 0.12))
    (fp_line (start 1.841 -1.04) (end 1.841 -2.442) (layer B.SilkS) (width 0.12))
    (fp_line (start 1.881 2.428) (end 1.881 1.04) (layer B.SilkS) (width 0.12))
    (fp_line (start 1.881 -1.04) (end 1.881 -2.428) (layer B.SilkS) (width 0.12))
    (fp_line (start 1.921 2.414) (end 1.921 1.04) (layer B.SilkS) (width 0.12))
    (fp_line (start 1.921 -1.04) (end 1.921 -2.414) (layer B.SilkS) (width 0.12))
    (fp_line (start 1.961 2.398) (end 1.961 1.04) (layer B.SilkS) (width 0.12))
    (fp_line (start 1.961 -1.04) (end 1.961 -2.398) (layer B.SilkS) (width 0.12))
    (fp_line (start 2.001 2.382) (end 2.001 1.04) (layer B.SilkS) (width 0.12))
    (fp_line (start 2.001 -1.04) (end 2.001 -2.382) (layer B.SilkS) (width 0.12))
    (fp_line (start 2.041 2.365) (end 2.041 1.04) (layer B.SilkS) (width 0.12))
    (fp_line (start 2.041 -1.04) (end 2.041 -2.365) (layer B.SilkS) (width 0.12))
    (fp_line (start 2.081 2.348) (end 2.081 1.04) (layer B.SilkS) (width 0.12))
    (fp_line (start 2.081 -1.04) (end 2.081 -2.348) (layer B.SilkS) (width 0.12))
    (fp_line (start 2.121 2.329) (end 2.121 1.04) (layer B.SilkS) (width 0.12))
    (fp_line (start 2.121 -1.04) (end 2.121 -2.329) (layer B.SilkS) (width 0.12))
    (fp_line (start 2.161 2.31) (end 2.161 1.04) (layer B.SilkS) (width 0.12))
    (fp_line (start 2.161 -1.04) (end 2.161 -2.31) (layer B.SilkS) (width 0.12))
    (fp_line (start 2.201 2.29) (end 2.201 1.04) (layer B.SilkS) (width 0.12))
    (fp_line (start 2.201 -1.04) (end 2.201 -2.29) (layer B.SilkS) (width 0.12))
    (fp_line (start 2.241 2.268) (end 2.241 1.04) (layer B.SilkS) (width 0.12))
    (fp_line (start 2.241 -1.04) (end 2.241 -2.268) (layer B.SilkS) (width 0.12))
    (fp_line (start 2.281 2.247) (end 2.281 1.04) (layer B.SilkS) (width 0.12))
    (fp_line (start 2.281 -1.04) (end 2.281 -2.247) (layer B.SilkS) (width 0.12))
    (fp_line (start 2.321 2.224) (end 2.321 1.04) (layer B.SilkS) (width 0.12))
    (fp_line (start 2.321 -1.04) (end 2.321 -2.224) (layer B.SilkS) (width 0.12))
    (fp_line (start 2.361 2.2) (end 2.361 1.04) (layer B.SilkS) (width 0.12))
    (fp_line (start 2.361 -1.04) (end 2.361 -2.2) (layer B.SilkS) (width 0.12))
    (fp_line (start 2.401 2.175) (end 2.401 1.04) (layer B.SilkS) (width 0.12))
    (fp_line (start 2.401 -1.04) (end 2.401 -2.175) (layer B.SilkS) (width 0.12))
    (fp_line (start 2.441 2.149) (end 2.441 1.04) (layer B.SilkS) (width 0.12))
    (fp_line (start 2.441 -1.04) (end 2.441 -2.149) (layer B.SilkS) (width 0.12))
    (fp_line (start 2.481 2.122) (end 2.481 1.04) (layer B.SilkS) (width 0.12))
    (fp_line (start 2.481 -1.04) (end 2.481 -2.122) (layer B.SilkS) (width 0.12))
    (fp_line (start 2.521 2.095) (end 2.521 1.04) (layer B.SilkS) (width 0.12))
    (fp_line (start 2.521 -1.04) (end 2.521 -2.095) (layer B.SilkS) (width 0.12))
    (fp_line (start 2.561 2.065) (end 2.561 1.04) (layer B.SilkS) (width 0.12))
    (fp_line (start 2.561 -1.04) (end 2.561 -2.065) (layer B.SilkS) (width 0.12))
    (fp_line (start 2.601 2.035) (end 2.601 1.04) (layer B.SilkS) (width 0.12))
    (fp_line (start 2.601 -1.04) (end 2.601 -2.035) (layer B.SilkS) (width 0.12))
    (fp_line (start 2.641 2.004) (end 2.641 1.04) (layer B.SilkS) (width 0.12))
    (fp_line (start 2.641 -1.04) (end 2.641 -2.004) (layer B.SilkS) (width 0.12))
    (fp_line (start 2.681 1.971) (end 2.681 1.04) (layer B.SilkS) (width 0.12))
    (fp_line (start 2.681 -1.04) (end 2.681 -1.971) (layer B.SilkS) (width 0.12))
    (fp_line (start 2.721 1.937) (end 2.721 1.04) (layer B.SilkS) (width 0.12))
    (fp_line (start 2.721 -1.04) (end 2.721 -1.937) (layer B.SilkS) (width 0.12))
    (fp_line (start 2.761 1.901) (end 2.761 1.04) (layer B.SilkS) (width 0.12))
    (fp_line (start 2.761 -1.04) (end 2.761 -1.901) (layer B.SilkS) (width 0.12))
    (fp_line (start 2.801 1.864) (end 2.801 1.04) (layer B.SilkS) (width 0.12))
    (fp_line (start 2.801 -1.04) (end 2.801 -1.864) (layer B.SilkS) (width 0.12))
    (fp_line (start 2.841 1.826) (end 2.841 1.04) (layer B.SilkS) (width 0.12))
    (fp_line (start 2.841 -1.04) (end 2.841 -1.826) (layer B.SilkS) (width 0.12))
    (fp_line (start 2.881 1.785) (end 2.881 1.04) (layer B.SilkS) (width 0.12))
    (fp_line (start 2.881 -1.04) (end 2.881 -1.785) (layer B.SilkS) (width 0.12))
    (fp_line (start 2.921 1.743) (end 2.921 1.04) (layer B.SilkS) (width 0.12))
    (fp_line (start 2.921 -1.04) (end 2.921 -1.743) (layer B.SilkS) (width 0.12))
    (fp_line (start 2.961 1.699) (end 2.961 1.04) (layer B.SilkS) (width 0.12))
    (fp_line (start 2.961 -1.04) (end 2.961 -1.699) (layer B.SilkS) (width 0.12))
    (fp_line (start 3.001 1.653) (end 3.001 1.04) (layer B.SilkS) (width 0.12))
    (fp_line (start 3.001 -1.04) (end 3.001 -1.653) (layer B.SilkS) (width 0.12))
    (fp_line (start 3.041 1.605) (end 3.041 -1.605) (layer B.SilkS) (width 0.12))
    (fp_line (start 3.081 1.554) (end 3.081 -1.554) (layer B.SilkS) (width 0.12))
    (fp_line (start 3.121 1.5) (end 3.121 -1.5) (layer B.SilkS) (width 0.12))
    (fp_line (start 3.161 1.443) (end 3.161 -1.443) (layer B.SilkS) (width 0.12))
    (fp_line (start 3.201 1.383) (end 3.201 -1.383) (layer B.SilkS) (width 0.12))
    (fp_line (start 3.241 1.319) (end 3.241 -1.319) (layer B.SilkS) (width 0.12))
    (fp_line (start 3.281 1.251) (end 3.281 -1.251) (layer B.SilkS) (width 0.12))
    (fp_line (start 3.321 1.178) (end 3.321 -1.178) (layer B.SilkS) (width 0.12))
    (fp_line (start 3.361 1.098) (end 3.361 -1.098) (layer B.SilkS) (width 0.12))
    (fp_line (start 3.401 1.011) (end 3.401 -1.011) (layer B.SilkS) (width 0.12))
    (fp_line (start 3.441 0.915) (end 3.441 -0.915) (layer B.SilkS) (width 0.12))
    (fp_line (start 3.481 0.805) (end 3.481 -0.805) (layer B.SilkS) (width 0.12))
    (fp_line (start 3.521 0.677) (end 3.521 -0.677) (layer B.SilkS) (width 0.12))
    (fp_line (start 3.561 0.518) (end 3.561 -0.518) (layer B.SilkS) (width 0.12))
    (fp_line (start 3.601 0.284) (end 3.601 -0.284) (layer B.SilkS) (width 0.12))
    (fp_line (start -1.804775 1.475) (end -1.304775 1.475) (layer B.SilkS) (width 0.12))
    (fp_line (start -1.554775 1.725) (end -1.554775 1.225) (layer B.SilkS) (width 0.12))
    (fp_text user %R (at 1 0) (layer B.Fab)
      (effects (font (size 1 1) (thickness 0.15)) (justify mirror))
    )
    (pad 1 thru_hole rect (at 0 0 180) (size 1.6 1.6) (drill 0.8) (layers *.Cu *.Mask)
      (net 1 +5V))
    (pad 2 thru_hole circle (at 2 0 180) (size 1.6 1.6) (drill 0.8) (layers *.Cu *.Mask)
      (net 2 GND))
    (model ${KISYS3DMOD}/Capacitor_THT.3dshapes/CP_Radial_D5.0mm_P2.00mm.wrl
      (at (xyz 0 0 0))
      (scale (xyz 1 1 1))
      (rotate (xyz 0 0 0))
    )
  )

  (module Capacitor_SMD:C_0805_2012Metric_Pad1.15x1.40mm_HandSolder (layer B.Cu) (tedit 5B36C52B) (tstamp 5F5F3A79)
    (at 46.473 43.942 180)
    (descr "Capacitor SMD 0805 (2012 Metric), square (rectangular) end terminal, IPC_7351 nominal with elongated pad for handsoldering. (Body size source: https://docs.google.com/spreadsheets/d/1BsfQQcO9C6DZCsRaXUlFlo91Tg2WpOkGARC1WS5S8t0/edit?usp=sharing), generated with kicad-footprint-generator")
    (tags "capacitor handsolder")
    (path /5F5E4B96)
    (attr smd)
    (fp_text reference C2 (at 0 1.65) (layer B.SilkS)
      (effects (font (size 1 1) (thickness 0.15)) (justify mirror))
    )
    (fp_text value 0.1uF (at 0 -1.65) (layer B.Fab)
      (effects (font (size 1 1) (thickness 0.15)) (justify mirror))
    )
    (fp_line (start 1.85 -0.95) (end -1.85 -0.95) (layer B.CrtYd) (width 0.05))
    (fp_line (start 1.85 0.95) (end 1.85 -0.95) (layer B.CrtYd) (width 0.05))
    (fp_line (start -1.85 0.95) (end 1.85 0.95) (layer B.CrtYd) (width 0.05))
    (fp_line (start -1.85 -0.95) (end -1.85 0.95) (layer B.CrtYd) (width 0.05))
    (fp_line (start -0.261252 -0.71) (end 0.261252 -0.71) (layer B.SilkS) (width 0.12))
    (fp_line (start -0.261252 0.71) (end 0.261252 0.71) (layer B.SilkS) (width 0.12))
    (fp_line (start 1 -0.6) (end -1 -0.6) (layer B.Fab) (width 0.1))
    (fp_line (start 1 0.6) (end 1 -0.6) (layer B.Fab) (width 0.1))
    (fp_line (start -1 0.6) (end 1 0.6) (layer B.Fab) (width 0.1))
    (fp_line (start -1 -0.6) (end -1 0.6) (layer B.Fab) (width 0.1))
    (fp_text user %R (at 0 0) (layer B.Fab)
      (effects (font (size 0.5 0.5) (thickness 0.08)) (justify mirror))
    )
    (pad 2 smd roundrect (at 1.025 0 180) (size 1.15 1.4) (layers B.Cu B.Paste B.Mask) (roundrect_rratio 0.217391)
      (net 2 GND))
    (pad 1 smd roundrect (at -1.025 0 180) (size 1.15 1.4) (layers B.Cu B.Paste B.Mask) (roundrect_rratio 0.217391)
      (net 1 +5V))
    (model ${KISYS3DMOD}/Capacitor_SMD.3dshapes/C_0805_2012Metric.wrl
      (at (xyz 0 0 0))
      (scale (xyz 1 1 1))
      (rotate (xyz 0 0 0))
    )
  )

  (module Capacitor_SMD:C_0805_2012Metric_Pad1.15x1.40mm_HandSolder (layer B.Cu) (tedit 5B36C52B) (tstamp 5F5F2CEC)
    (at 89.907 43.942 180)
    (descr "Capacitor SMD 0805 (2012 Metric), square (rectangular) end terminal, IPC_7351 nominal with elongated pad for handsoldering. (Body size source: https://docs.google.com/spreadsheets/d/1BsfQQcO9C6DZCsRaXUlFlo91Tg2WpOkGARC1WS5S8t0/edit?usp=sharing), generated with kicad-footprint-generator")
    (tags "capacitor handsolder")
    (path /5F602FBC)
    (attr smd)
    (fp_text reference C3 (at 0 1.65) (layer B.SilkS)
      (effects (font (size 1 1) (thickness 0.15)) (justify mirror))
    )
    (fp_text value 0.1uF (at 0 -1.65) (layer B.Fab)
      (effects (font (size 1 1) (thickness 0.15)) (justify mirror))
    )
    (fp_line (start -1 -0.6) (end -1 0.6) (layer B.Fab) (width 0.1))
    (fp_line (start -1 0.6) (end 1 0.6) (layer B.Fab) (width 0.1))
    (fp_line (start 1 0.6) (end 1 -0.6) (layer B.Fab) (width 0.1))
    (fp_line (start 1 -0.6) (end -1 -0.6) (layer B.Fab) (width 0.1))
    (fp_line (start -0.261252 0.71) (end 0.261252 0.71) (layer B.SilkS) (width 0.12))
    (fp_line (start -0.261252 -0.71) (end 0.261252 -0.71) (layer B.SilkS) (width 0.12))
    (fp_line (start -1.85 -0.95) (end -1.85 0.95) (layer B.CrtYd) (width 0.05))
    (fp_line (start -1.85 0.95) (end 1.85 0.95) (layer B.CrtYd) (width 0.05))
    (fp_line (start 1.85 0.95) (end 1.85 -0.95) (layer B.CrtYd) (width 0.05))
    (fp_line (start 1.85 -0.95) (end -1.85 -0.95) (layer B.CrtYd) (width 0.05))
    (fp_text user %R (at 0 0) (layer B.Fab)
      (effects (font (size 0.5 0.5) (thickness 0.08)) (justify mirror))
    )
    (pad 1 smd roundrect (at -1.025 0 180) (size 1.15 1.4) (layers B.Cu B.Paste B.Mask) (roundrect_rratio 0.217391)
      (net 1 +5V))
    (pad 2 smd roundrect (at 1.025 0 180) (size 1.15 1.4) (layers B.Cu B.Paste B.Mask) (roundrect_rratio 0.217391)
      (net 2 GND))
    (model ${KISYS3DMOD}/Capacitor_SMD.3dshapes/C_0805_2012Metric.wrl
      (at (xyz 0 0 0))
      (scale (xyz 1 1 1))
      (rotate (xyz 0 0 0))
    )
  )

  (module Capacitor_SMD:C_0805_2012Metric_Pad1.15x1.40mm_HandSolder (layer B.Cu) (tedit 5B36C52B) (tstamp 5F5F61D4)
    (at 135.382 43.942 180)
    (descr "Capacitor SMD 0805 (2012 Metric), square (rectangular) end terminal, IPC_7351 nominal with elongated pad for handsoldering. (Body size source: https://docs.google.com/spreadsheets/d/1BsfQQcO9C6DZCsRaXUlFlo91Tg2WpOkGARC1WS5S8t0/edit?usp=sharing), generated with kicad-footprint-generator")
    (tags "capacitor handsolder")
    (path /5F5E5831)
    (attr smd)
    (fp_text reference C4 (at 0 1.65) (layer B.SilkS)
      (effects (font (size 1 1) (thickness 0.15)) (justify mirror))
    )
    (fp_text value 0.1uF (at 0 -1.65) (layer B.Fab)
      (effects (font (size 1 1) (thickness 0.15)) (justify mirror))
    )
    (fp_line (start -1 -0.6) (end -1 0.6) (layer B.Fab) (width 0.1))
    (fp_line (start -1 0.6) (end 1 0.6) (layer B.Fab) (width 0.1))
    (fp_line (start 1 0.6) (end 1 -0.6) (layer B.Fab) (width 0.1))
    (fp_line (start 1 -0.6) (end -1 -0.6) (layer B.Fab) (width 0.1))
    (fp_line (start -0.261252 0.71) (end 0.261252 0.71) (layer B.SilkS) (width 0.12))
    (fp_line (start -0.261252 -0.71) (end 0.261252 -0.71) (layer B.SilkS) (width 0.12))
    (fp_line (start -1.85 -0.95) (end -1.85 0.95) (layer B.CrtYd) (width 0.05))
    (fp_line (start -1.85 0.95) (end 1.85 0.95) (layer B.CrtYd) (width 0.05))
    (fp_line (start 1.85 0.95) (end 1.85 -0.95) (layer B.CrtYd) (width 0.05))
    (fp_line (start 1.85 -0.95) (end -1.85 -0.95) (layer B.CrtYd) (width 0.05))
    (fp_text user %R (at 0 0) (layer B.Fab)
      (effects (font (size 0.5 0.5) (thickness 0.08)) (justify mirror))
    )
    (pad 1 smd roundrect (at -1.025 0 180) (size 1.15 1.4) (layers B.Cu B.Paste B.Mask) (roundrect_rratio 0.217391)
      (net 1 +5V))
    (pad 2 smd roundrect (at 1.025 0 180) (size 1.15 1.4) (layers B.Cu B.Paste B.Mask) (roundrect_rratio 0.217391)
      (net 2 GND))
    (model ${KISYS3DMOD}/Capacitor_SMD.3dshapes/C_0805_2012Metric.wrl
      (at (xyz 0 0 0))
      (scale (xyz 1 1 1))
      (rotate (xyz 0 0 0))
    )
  )

  (module Capacitor_SMD:C_0805_2012Metric_Pad1.15x1.40mm_HandSolder (layer B.Cu) (tedit 5B36C52B) (tstamp 5F5F2D0E)
    (at 178.435 43.942 180)
    (descr "Capacitor SMD 0805 (2012 Metric), square (rectangular) end terminal, IPC_7351 nominal with elongated pad for handsoldering. (Body size source: https://docs.google.com/spreadsheets/d/1BsfQQcO9C6DZCsRaXUlFlo91Tg2WpOkGARC1WS5S8t0/edit?usp=sharing), generated with kicad-footprint-generator")
    (tags "capacitor handsolder")
    (path /5F5E5C8A)
    (attr smd)
    (fp_text reference C5 (at 0 1.65) (layer B.SilkS)
      (effects (font (size 1 1) (thickness 0.15)) (justify mirror))
    )
    (fp_text value 0.1uF (at 0 -1.65) (layer B.Fab)
      (effects (font (size 1 1) (thickness 0.15)) (justify mirror))
    )
    (fp_line (start 1.85 -0.95) (end -1.85 -0.95) (layer B.CrtYd) (width 0.05))
    (fp_line (start 1.85 0.95) (end 1.85 -0.95) (layer B.CrtYd) (width 0.05))
    (fp_line (start -1.85 0.95) (end 1.85 0.95) (layer B.CrtYd) (width 0.05))
    (fp_line (start -1.85 -0.95) (end -1.85 0.95) (layer B.CrtYd) (width 0.05))
    (fp_line (start -0.261252 -0.71) (end 0.261252 -0.71) (layer B.SilkS) (width 0.12))
    (fp_line (start -0.261252 0.71) (end 0.261252 0.71) (layer B.SilkS) (width 0.12))
    (fp_line (start 1 -0.6) (end -1 -0.6) (layer B.Fab) (width 0.1))
    (fp_line (start 1 0.6) (end 1 -0.6) (layer B.Fab) (width 0.1))
    (fp_line (start -1 0.6) (end 1 0.6) (layer B.Fab) (width 0.1))
    (fp_line (start -1 -0.6) (end -1 0.6) (layer B.Fab) (width 0.1))
    (fp_text user %R (at 0 0) (layer B.Fab)
      (effects (font (size 0.5 0.5) (thickness 0.08)) (justify mirror))
    )
    (pad 2 smd roundrect (at 1.025 0 180) (size 1.15 1.4) (layers B.Cu B.Paste B.Mask) (roundrect_rratio 0.217391)
      (net 2 GND))
    (pad 1 smd roundrect (at -1.025 0 180) (size 1.15 1.4) (layers B.Cu B.Paste B.Mask) (roundrect_rratio 0.217391)
      (net 1 +5V))
    (model ${KISYS3DMOD}/Capacitor_SMD.3dshapes/C_0805_2012Metric.wrl
      (at (xyz 0 0 0))
      (scale (xyz 1 1 1))
      (rotate (xyz 0 0 0))
    )
  )

  (module Capacitor_SMD:C_0805_2012Metric_Pad1.15x1.40mm_HandSolder (layer F.Cu) (tedit 5B36C52B) (tstamp 5F5F2D1F)
    (at 36.480001 76.995001)
    (descr "Capacitor SMD 0805 (2012 Metric), square (rectangular) end terminal, IPC_7351 nominal with elongated pad for handsoldering. (Body size source: https://docs.google.com/spreadsheets/d/1BsfQQcO9C6DZCsRaXUlFlo91Tg2WpOkGARC1WS5S8t0/edit?usp=sharing), generated with kicad-footprint-generator")
    (tags "capacitor handsolder")
    (path /5F5D6B2B/5F5D933D)
    (attr smd)
    (fp_text reference C6 (at 0 -1.65) (layer F.SilkS)
      (effects (font (size 1 1) (thickness 0.15)))
    )
    (fp_text value 0.1uf (at 0 1.65) (layer F.Fab)
      (effects (font (size 1 1) (thickness 0.15)))
    )
    (fp_line (start -1 0.6) (end -1 -0.6) (layer F.Fab) (width 0.1))
    (fp_line (start -1 -0.6) (end 1 -0.6) (layer F.Fab) (width 0.1))
    (fp_line (start 1 -0.6) (end 1 0.6) (layer F.Fab) (width 0.1))
    (fp_line (start 1 0.6) (end -1 0.6) (layer F.Fab) (width 0.1))
    (fp_line (start -0.261252 -0.71) (end 0.261252 -0.71) (layer F.SilkS) (width 0.12))
    (fp_line (start -0.261252 0.71) (end 0.261252 0.71) (layer F.SilkS) (width 0.12))
    (fp_line (start -1.85 0.95) (end -1.85 -0.95) (layer F.CrtYd) (width 0.05))
    (fp_line (start -1.85 -0.95) (end 1.85 -0.95) (layer F.CrtYd) (width 0.05))
    (fp_line (start 1.85 -0.95) (end 1.85 0.95) (layer F.CrtYd) (width 0.05))
    (fp_line (start 1.85 0.95) (end -1.85 0.95) (layer F.CrtYd) (width 0.05))
    (fp_text user %R (at 0 0) (layer F.Fab)
      (effects (font (size 0.5 0.5) (thickness 0.08)))
    )
    (pad 1 smd roundrect (at -1.025 0) (size 1.15 1.4) (layers F.Cu F.Paste F.Mask) (roundrect_rratio 0.217391)
      (net 2 GND))
    (pad 2 smd roundrect (at 1.025 0) (size 1.15 1.4) (layers F.Cu F.Paste F.Mask) (roundrect_rratio 0.217391)
      (net 90 "/Tuning rotary encoder and switch/A"))
    (model ${KISYS3DMOD}/Capacitor_SMD.3dshapes/C_0805_2012Metric.wrl
      (at (xyz 0 0 0))
      (scale (xyz 1 1 1))
      (rotate (xyz 0 0 0))
    )
  )

  (module Capacitor_SMD:C_0805_2012Metric_Pad1.15x1.40mm_HandSolder (layer F.Cu) (tedit 5B36C52B) (tstamp 5F5F2D30)
    (at 31.730001 79.945001)
    (descr "Capacitor SMD 0805 (2012 Metric), square (rectangular) end terminal, IPC_7351 nominal with elongated pad for handsoldering. (Body size source: https://docs.google.com/spreadsheets/d/1BsfQQcO9C6DZCsRaXUlFlo91Tg2WpOkGARC1WS5S8t0/edit?usp=sharing), generated with kicad-footprint-generator")
    (tags "capacitor handsolder")
    (path /5F5D6B2B/5F5D9337)
    (attr smd)
    (fp_text reference C7 (at 0 -1.65) (layer F.SilkS)
      (effects (font (size 1 1) (thickness 0.15)))
    )
    (fp_text value 0.1uf (at 0 1.65) (layer F.Fab)
      (effects (font (size 1 1) (thickness 0.15)))
    )
    (fp_line (start 1.85 0.95) (end -1.85 0.95) (layer F.CrtYd) (width 0.05))
    (fp_line (start 1.85 -0.95) (end 1.85 0.95) (layer F.CrtYd) (width 0.05))
    (fp_line (start -1.85 -0.95) (end 1.85 -0.95) (layer F.CrtYd) (width 0.05))
    (fp_line (start -1.85 0.95) (end -1.85 -0.95) (layer F.CrtYd) (width 0.05))
    (fp_line (start -0.261252 0.71) (end 0.261252 0.71) (layer F.SilkS) (width 0.12))
    (fp_line (start -0.261252 -0.71) (end 0.261252 -0.71) (layer F.SilkS) (width 0.12))
    (fp_line (start 1 0.6) (end -1 0.6) (layer F.Fab) (width 0.1))
    (fp_line (start 1 -0.6) (end 1 0.6) (layer F.Fab) (width 0.1))
    (fp_line (start -1 -0.6) (end 1 -0.6) (layer F.Fab) (width 0.1))
    (fp_line (start -1 0.6) (end -1 -0.6) (layer F.Fab) (width 0.1))
    (fp_text user %R (at 0 0) (layer F.Fab)
      (effects (font (size 0.5 0.5) (thickness 0.08)))
    )
    (pad 2 smd roundrect (at 1.025 0) (size 1.15 1.4) (layers F.Cu F.Paste F.Mask) (roundrect_rratio 0.217391)
      (net 2 GND))
    (pad 1 smd roundrect (at -1.025 0) (size 1.15 1.4) (layers F.Cu F.Paste F.Mask) (roundrect_rratio 0.217391)
      (net 91 "/Tuning rotary encoder and switch/B"))
    (model ${KISYS3DMOD}/Capacitor_SMD.3dshapes/C_0805_2012Metric.wrl
      (at (xyz 0 0 0))
      (scale (xyz 1 1 1))
      (rotate (xyz 0 0 0))
    )
  )

  (module Capacitor_SMD:C_0805_2012Metric_Pad1.15x1.40mm_HandSolder (layer F.Cu) (tedit 5B36C52B) (tstamp 5F5F2D41)
    (at 187.909001 64.774001)
    (descr "Capacitor SMD 0805 (2012 Metric), square (rectangular) end terminal, IPC_7351 nominal with elongated pad for handsoldering. (Body size source: https://docs.google.com/spreadsheets/d/1BsfQQcO9C6DZCsRaXUlFlo91Tg2WpOkGARC1WS5S8t0/edit?usp=sharing), generated with kicad-footprint-generator")
    (tags "capacitor handsolder")
    (path /5F5DD336/5F5D933D)
    (attr smd)
    (fp_text reference C8 (at 0 -1.65) (layer F.SilkS)
      (effects (font (size 1 1) (thickness 0.15)))
    )
    (fp_text value 0.1uf (at 0 1.65) (layer F.Fab)
      (effects (font (size 1 1) (thickness 0.15)))
    )
    (fp_line (start 1.85 0.95) (end -1.85 0.95) (layer F.CrtYd) (width 0.05))
    (fp_line (start 1.85 -0.95) (end 1.85 0.95) (layer F.CrtYd) (width 0.05))
    (fp_line (start -1.85 -0.95) (end 1.85 -0.95) (layer F.CrtYd) (width 0.05))
    (fp_line (start -1.85 0.95) (end -1.85 -0.95) (layer F.CrtYd) (width 0.05))
    (fp_line (start -0.261252 0.71) (end 0.261252 0.71) (layer F.SilkS) (width 0.12))
    (fp_line (start -0.261252 -0.71) (end 0.261252 -0.71) (layer F.SilkS) (width 0.12))
    (fp_line (start 1 0.6) (end -1 0.6) (layer F.Fab) (width 0.1))
    (fp_line (start 1 -0.6) (end 1 0.6) (layer F.Fab) (width 0.1))
    (fp_line (start -1 -0.6) (end 1 -0.6) (layer F.Fab) (width 0.1))
    (fp_line (start -1 0.6) (end -1 -0.6) (layer F.Fab) (width 0.1))
    (fp_text user %R (at 0 0) (layer F.Fab)
      (effects (font (size 0.5 0.5) (thickness 0.08)))
    )
    (pad 2 smd roundrect (at 1.025 0) (size 1.15 1.4) (layers F.Cu F.Paste F.Mask) (roundrect_rratio 0.217391)
      (net 92 /sheet5F5DD32A/A))
    (pad 1 smd roundrect (at -1.025 0) (size 1.15 1.4) (layers F.Cu F.Paste F.Mask) (roundrect_rratio 0.217391)
      (net 2 GND))
    (model ${KISYS3DMOD}/Capacitor_SMD.3dshapes/C_0805_2012Metric.wrl
      (at (xyz 0 0 0))
      (scale (xyz 1 1 1))
      (rotate (xyz 0 0 0))
    )
  )

  (module Capacitor_SMD:C_0805_2012Metric_Pad1.15x1.40mm_HandSolder (layer F.Cu) (tedit 5B36C52B) (tstamp 5F5F2D52)
    (at 192.659001 64.774001)
    (descr "Capacitor SMD 0805 (2012 Metric), square (rectangular) end terminal, IPC_7351 nominal with elongated pad for handsoldering. (Body size source: https://docs.google.com/spreadsheets/d/1BsfQQcO9C6DZCsRaXUlFlo91Tg2WpOkGARC1WS5S8t0/edit?usp=sharing), generated with kicad-footprint-generator")
    (tags "capacitor handsolder")
    (path /5F5DD336/5F5D9337)
    (attr smd)
    (fp_text reference C9 (at 0 -1.65) (layer F.SilkS)
      (effects (font (size 1 1) (thickness 0.15)))
    )
    (fp_text value 0.1uf (at 0 1.65) (layer F.Fab)
      (effects (font (size 1 1) (thickness 0.15)))
    )
    (fp_line (start -1 0.6) (end -1 -0.6) (layer F.Fab) (width 0.1))
    (fp_line (start -1 -0.6) (end 1 -0.6) (layer F.Fab) (width 0.1))
    (fp_line (start 1 -0.6) (end 1 0.6) (layer F.Fab) (width 0.1))
    (fp_line (start 1 0.6) (end -1 0.6) (layer F.Fab) (width 0.1))
    (fp_line (start -0.261252 -0.71) (end 0.261252 -0.71) (layer F.SilkS) (width 0.12))
    (fp_line (start -0.261252 0.71) (end 0.261252 0.71) (layer F.SilkS) (width 0.12))
    (fp_line (start -1.85 0.95) (end -1.85 -0.95) (layer F.CrtYd) (width 0.05))
    (fp_line (start -1.85 -0.95) (end 1.85 -0.95) (layer F.CrtYd) (width 0.05))
    (fp_line (start 1.85 -0.95) (end 1.85 0.95) (layer F.CrtYd) (width 0.05))
    (fp_line (start 1.85 0.95) (end -1.85 0.95) (layer F.CrtYd) (width 0.05))
    (fp_text user %R (at 0 0) (layer F.Fab)
      (effects (font (size 0.5 0.5) (thickness 0.08)))
    )
    (pad 1 smd roundrect (at -1.025 0) (size 1.15 1.4) (layers F.Cu F.Paste F.Mask) (roundrect_rratio 0.217391)
      (net 93 /sheet5F5DD32A/B))
    (pad 2 smd roundrect (at 1.025 0) (size 1.15 1.4) (layers F.Cu F.Paste F.Mask) (roundrect_rratio 0.217391)
      (net 2 GND))
    (model ${KISYS3DMOD}/Capacitor_SMD.3dshapes/C_0805_2012Metric.wrl
      (at (xyz 0 0 0))
      (scale (xyz 1 1 1))
      (rotate (xyz 0 0 0))
    )
  )

  (module Capacitor_SMD:C_0805_2012Metric_Pad1.15x1.40mm_HandSolder (layer F.Cu) (tedit 5B36C52B) (tstamp 5F5F2D63)
    (at 99.293001 68.999001)
