(kicad_pcb (version 20171130) (host pcbnew "(5.1.10)-1")

  (general
    (thickness 1.6)
    (drawings 18)
    (tracks 60)
    (zones 0)
    (modules 11)
    (nets 10)
  )

  (page A4)
  (layers
    (0 F.Cu signal)
    (31 B.Cu signal)
    (32 B.Adhes user)
    (33 F.Adhes user)
    (34 B.Paste user)
    (35 F.Paste user)
    (36 B.SilkS user)
    (37 F.SilkS user)
    (38 B.Mask user)
    (39 F.Mask user)
    (40 Dwgs.User user)
    (41 Cmts.User user)
    (42 Eco1.User user)
    (43 Eco2.User user)
    (44 Edge.Cuts user)
    (45 Margin user)
    (46 B.CrtYd user)
    (47 F.CrtYd user)
    (48 B.Fab user)
    (49 F.Fab user)
  )

  (setup
    (last_trace_width 0.508)
    (user_trace_width 0.381)
    (user_trace_width 0.508)
    (trace_clearance 0.2)
    (zone_clearance 0.508)
    (zone_45_only no)
    (trace_min 0.2)
    (via_size 0.8)
    (via_drill 0.4)
    (via_min_size 0.4)
    (via_min_drill 0.3)
    (uvia_size 0.3)
    (uvia_drill 0.1)
    (uvias_allowed no)
    (uvia_min_size 0.2)
    (uvia_min_drill 0.1)
    (edge_width 0.05)
    (segment_width 0.2)
    (pcb_text_width 0.3)
    (pcb_text_size 1.5 1.5)
    (mod_edge_width 0.12)
    (mod_text_size 1 1)
    (mod_text_width 0.15)
    (pad_size 1.524 1.524)
    (pad_drill 0.762)
    (pad_to_mask_clearance 0.051)
    (solder_mask_min_width 0.25)
    (aux_axis_origin 0 0)
    (visible_elements 7FFFFFFF)
    (pcbplotparams
      (layerselection 0x010fc_ffffffff)
      (usegerberextensions false)
      (usegerberattributes false)
      (usegerberadvancedattributes false)
      (creategerberjobfile false)
      (excludeedgelayer true)
      (linewidth 0.100000)
      (plotframeref false)
      (viasonmask false)
      (mode 1)
      (useauxorigin false)
      (hpglpennumber 1)
      (hpglpenspeed 20)
      (hpglpendiameter 15.000000)
      (psnegative false)
      (psa4output false)
      (plotreference true)
      (plotvalue true)
      (plotinvisibletext false)
      (padsonsilk false)
      (subtractmaskfromsilk false)
      (outputformat 1)
      (mirror false)
      (drillshape 0)
      (scaleselection 1)
      (outputdirectory "gerbers/"))
  )

  (net 0 "")
  (net 1 "Net-(J1-Pad4)")
  (net 2 /DR-)
  (net 3 /DR+)
  (net 4 UVcc)
  (net 5 UGnd)
  (net 6 UCap)
  (net 7 "Net-(D1-Pad2)")
  (net 8 D-)
  (net 9 D+)

  (net_class Default "This is the default net class."
    (clearance 0.2)
    (trace_width 0.25)
    (via_dia 0.8)
    (via_drill 0.4)
    (uvia_dia 0.3)
    (uvia_drill 0.1)
    (add_net /DR+)
    (add_net /DR-)
    (add_net D+)
    (add_net D-)
    (add_net "Net-(D1-Pad2)")
    (add_net "Net-(J1-Pad4)")
    (add_net UCap)
    (add_net UGnd)
    (add_net UVcc)
  )

  (module digikey-footprints:USB_Micro_B_Female_10118194-0001LF (layer F.Cu) (tedit 6125AC7F) (tstamp 6125B1B6)
    (at 104.2 91 270)
    (descr http://portal.fciconnect.com/Comergent//fci/drawing/10118194.pdf)
    (path /6125557F)
    (attr smd)
    (fp_text reference J1 (at 0 -2.5 270) (layer F.SilkS)
      (effects (font (size 1 1) (thickness 0.15)))
    )
    (fp_text value USB_B_Micro (at 0 7 270) (layer F.Fab)
      (effects (font (size 1 1) (thickness 0.15)))
    )
    (fp_line (start 4.025 5.38) (end 4.025 -0.15) (layer F.Fab) (width 0.1))
    (fp_line (start -4.025 5.38) (end 4.025 5.38) (layer F.Fab) (width 0.1))
    (fp_line (start -4.02 0.23) (end -3.71 -0.15) (layer F.Fab) (width 0.1))
    (fp_line (start 4.02 -0.15) (end -3.71 -0.15) (layer F.Fab) (width 0.1))
    (fp_line (start -4.03 5.38) (end -4.02 0.23) (layer F.Fab) (width 0.1))
    (fp_line (start -4.1 0.4) (end -4.25 0.4) (layer F.SilkS) (width 0.1))
    (fp_line (start -4.1 0.1) (end -4.1 0.4) (layer F.SilkS) (width 0.1))
    (fp_line (start -3.8 -0.25) (end -4.1 0.1) (layer F.SilkS) (width 0.1))
    (fp_line (start -3.35 -0.25) (end -3.8 -0.25) (layer F.SilkS) (width 0.1))
    (fp_line (start 4.1 -0.25) (end 4.1 0.45) (layer F.SilkS) (width 0.1))
    (fp_line (start 3.6 -0.25) (end 4.1 -0.25) (layer F.SilkS) (width 0.1))
    (fp_line (start 4.1 5.45) (end 3.7 5.45) (layer F.SilkS) (width 0.1))
    (fp_line (start 4.1 4.85) (end 4.1 5.45) (layer F.SilkS) (width 0.1))
    (fp_line (start -4.1 5.45) (end -3.45 5.45) (layer F.SilkS) (width 0.1))
    (fp_line (start -4.1 4.9) (end -4.1 5.45) (layer F.SilkS) (width 0.1))
    (fp_line (start -4.5 -1) (end 4.5 -1) (layer F.CrtYd) (width 0.05))
    (fp_line (start -4.5 5.75) (end -4.5 -1) (layer F.CrtYd) (width 0.05))
    (fp_line (start -4.5 5.75) (end 4.5 5.75) (layer F.CrtYd) (width 0.05))
    (fp_line (start 4.5 5.75) (end 4.5 -1) (layer F.CrtYd) (width 0.05))
    (fp_text user %R (at 0 2.84 270) (layer F.Fab)
      (effects (font (size 1 1) (thickness 0.15)))
    )
    (fp_line (start 3.5 4.15) (end -3.5 4.15) (layer F.Fab) (width 0.12))
    (fp_text user "BOARD EDGE" (at 0 4.5 90) (layer F.Fab)
      (effects (font (size 0.25 0.25) (thickness 0.0625)))
    )
    (pad 3 smd rect (at 0 0 270) (size 0.4 1.35) (layers F.Cu F.Paste F.Mask)
      (net 3 /DR+))
    (pad 4 smd rect (at 0.65 0 270) (size 0.4 1.35) (layers F.Cu F.Paste F.Mask)
      (net 1 "Net-(J1-Pad4)"))
    (pad 5 smd rect (at 1.3 0 270) (size 0.4 1.35) (layers F.Cu F.Paste F.Mask)
      (net 5 UGnd))
    (pad 2 smd rect (at -0.65 0 270) (size 0.4 1.35) (layers F.Cu F.Paste F.Mask)
      (net 2 /DR-))
    (pad 1 smd rect (at -1.3 0 270) (size 0.4 1.35) (layers F.Cu F.Paste F.Mask)
      (net 4 UVcc))
    (pad SH thru_hole oval (at 2.5 0 270) (size 1.25 0.95) (drill oval 0.85 0.55) (layers *.Cu *.Mask))
    (pad SH thru_hole oval (at -2.5 0 270) (size 1.25 0.95) (drill oval 0.85 0.55) (layers *.Cu *.Mask))
    (pad SH thru_hole oval (at -3.5 2.7 270) (size 1 1.55) (drill oval 0.5 1.15) (layers *.Cu *.Mask))
    (pad SH thru_hole oval (at 3.5 2.7 270) (size 1 1.55) (drill oval 0.5 1.15) (layers *.Cu *.Mask))
    (pad 5 smd rect (at -1.025 2.6 270) (size 1.55 1.55) (layers F.Cu F.Paste F.Mask)
      (net 5 UGnd))
    (pad 5 smd rect (at 1.025 2.6 270) (size 1.55 1.55) (layers F.Cu F.Paste F.Mask)
      (net 5 UGnd))
  )

  (module Capacitor_SMD:C_1206_3216Metric_Pad1.42x1.75mm_HandSolder (layer F.Cu) (tedit 5B301BBE) (tstamp 6125519C)
    (at 112.25 87.9875 270)
    (descr "Capacitor SMD 1206 (3216 Metric), square (rectangular) end terminal, IPC_7351 nominal with elongated pad for handsoldering. (Body size source: http://www.tortai-tech.com/upload/download/2011102023233369053.pdf), generated with kicad-footprint-generator")
    (tags "capacitor handsolder")
    (path /6126B4A3)
    (attr smd)
    (fp_text reference C1 (at -3.2375 0 180) (layer F.SilkS)
      (effects (font (size 1 1) (thickness 0.15)))
    )
    (fp_text value 10uF (at 0 1.82 90) (layer F.Fab)
      (effects (font (size 1 1) (thickness 0.15)))
    )
    (fp_line (start -1.6 0.8) (end -1.6 -0.8) (layer F.Fab) (width 0.1))
    (fp_line (start -1.6 -0.8) (end 1.6 -0.8) (layer F.Fab) (width 0.1))
    (fp_line (start 1.6 -0.8) (end 1.6 0.8) (layer F.Fab) (width 0.1))
    (fp_line (start 1.6 0.8) (end -1.6 0.8) (layer F.Fab) (width 0.1))
    (fp_line (start -0.602064 -0.91) (end 0.602064 -0.91) (layer F.SilkS) (width 0.12))
    (fp_line (start -0.602064 0.91) (end 0.602064 0.91) (layer F.SilkS) (width 0.12))
    (fp_line (start -2.45 1.12) (end -2.45 -1.12) (layer F.CrtYd) (width 0.05))
    (fp_line (start -2.45 -1.12) (end 2.45 -1.12) (layer F.CrtYd) (width 0.05))
    (fp_line (start 2.45 -1.12) (end 2.45 1.12) (layer F.CrtYd) (width 0.05))
    (fp_line (start 2.45 1.12) (end -2.45 1.12) (layer F.CrtYd) (width 0.05))
    (fp_text user %R (at 0 0 90) (layer F.Fab)
      (effects (font (size 0.8 0.8) (thickness 0.12)))
    )
    (pad 2 smd roundrect (at 1.4875 0 270) (size 1.425 1.75) (layers F.Cu F.Paste F.Mask) (roundrect_rratio 0.175439)
      (net 4 UVcc))
    (pad 1 smd roundrect (at -1.4875 0 270) (size 1.425 1.75) (layers F.Cu F.Paste F.Mask) (roundrect_rratio 0.175439)
      (net 5 UGnd))
    (model ${KISYS3DMOD}/Capacitor_SMD.3dshapes/C_1206_3216Metric.wrl
      (at (xyz 0 0 0))
      (scale (xyz 1 1 1))
      (rotate (xyz 0 0 0))
    )
  )

  (module Capacitor_SMD:C_1206_3216Metric_Pad1.42x1.75mm_HandSolder (layer F.Cu) (tedit 5B301BBE) (tstamp 61254FD3)
    (at 115.25 87.9875 90)
    (descr "Capacitor SMD 1206 (3216 Metric), square (rectangular) end terminal, IPC_7351 nominal with elongated pad for handsoldering. (Body size source: http://www.tortai-tech.com/upload/download/2011102023233369053.pdf), generated with kicad-footprint-generator")
    (tags "capacitor handsolder")
    (path /6126DF79)
    (attr smd)
    (fp_text reference C2 (at 3.2375 0 180) (layer F.SilkS)
      (effects (font (size 1 1) (thickness 0.15)))
    )
    (fp_text value 1uF (at 0 1.82 90) (layer F.Fab)
      (effects (font (size 1 1) (thickness 0.15)))
    )
    (fp_line (start -1.6 0.8) (end -1.6 -0.8) (layer F.Fab) (width 0.1))
    (fp_line (start -1.6 -0.8) (end 1.6 -0.8) (layer F.Fab) (width 0.1))
    (fp_line (start 1.6 -0.8) (end 1.6 0.8) (layer F.Fab) (width 0.1))
    (fp_line (start 1.6 0.8) (end -1.6 0.8) (layer F.Fab) (width 0.1))
    (fp_line (start -0.602064 -0.91) (end 0.602064 -0.91) (layer F.SilkS) (width 0.12))
    (fp_line (start -0.602064 0.91) (end 0.602064 0.91) (layer F.SilkS) (width 0.12))
    (fp_line (start -2.45 1.12) (end -2.45 -1.12) (layer F.CrtYd) (width 0.05))
    (fp_line (start -2.45 -1.12) (end 2.45 -1.12) (layer F.CrtYd) (width 0.05))
    (fp_line (start 2.45 -1.12) (end 2.45 1.12) (layer F.CrtYd) (width 0.05))
    (fp_line (start 2.45 1.12) (end -2.45 1.12) (layer F.CrtYd) (width 0.05))
    (fp_text user %R (at 0 0 90) (layer F.Fab)
      (effects (font (size 0.8 0.8) (thickness 0.12)))
    )
    (pad 2 smd roundrect (at 1.4875 0 90) (size 1.425 1.75) (layers F.Cu F.Paste F.Mask) (roundrect_rratio 0.175439)
      (net 5 UGnd))
    (pad 1 smd roundrect (at -1.4875 0 90) (size 1.425 1.75) (layers F.Cu F.Paste F.Mask) (roundrect_rratio 0.175439)
      (net 4 UVcc))
    (model ${KISYS3DMOD}/Capacitor_SMD.3dshapes/C_1206_3216Metric.wrl
      (at (xyz 0 0 0))
      (scale (xyz 1 1 1))
      (rotate (xyz 0 0 0))
    )
  )

  (module Capacitor_SMD:C_1206_3216Metric_Pad1.42x1.75mm_HandSolder (layer F.Cu) (tedit 5B301BBE) (tstamp 61254FE4)
    (at 118.25 87.9875 90)
    (descr "Capacitor SMD 1206 (3216 Metric), square (rectangular) end terminal, IPC_7351 nominal with elongated pad for handsoldering. (Body size source: http://www.tortai-tech.com/upload/download/2011102023233369053.pdf), generated with kicad-footprint-generator")
    (tags "capacitor handsolder")
    (path /6126E66F)
    (attr smd)
    (fp_text reference C3 (at 3.2375 0 180) (layer F.SilkS)
      (effects (font (size 1 1) (thickness 0.15)))
    )
    (fp_text value 0.1uF (at 0 1.82 90) (layer F.Fab)
      (effects (font (size 1 1) (thickness 0.15)))
    )
    (fp_line (start 2.45 1.12) (end -2.45 1.12) (layer F.CrtYd) (width 0.05))
    (fp_line (start 2.45 -1.12) (end 2.45 1.12) (layer F.CrtYd) (width 0.05))
    (fp_line (start -2.45 -1.12) (end 2.45 -1.12) (layer F.CrtYd) (width 0.05))
    (fp_line (start -2.45 1.12) (end -2.45 -1.12) (layer F.CrtYd) (width 0.05))
    (fp_line (start -0.602064 0.91) (end 0.602064 0.91) (layer F.SilkS) (width 0.12))
    (fp_line (start -0.602064 -0.91) (end 0.602064 -0.91) (layer F.SilkS) (width 0.12))
    (fp_line (start 1.6 0.8) (end -1.6 0.8) (layer F.Fab) (width 0.1))
    (fp_line (start 1.6 -0.8) (end 1.6 0.8) (layer F.Fab) (width 0.1))
    (fp_line (start -1.6 -0.8) (end 1.6 -0.8) (layer F.Fab) (width 0.1))
    (fp_line (start -1.6 0.8) (end -1.6 -0.8) (layer F.Fab) (width 0.1))
    (fp_text user %R (at 0 0 90) (layer F.Fab)
      (effects (font (size 0.8 0.8) (thickness 0.12)))
    )
    (pad 1 smd roundrect (at -1.4875 0 90) (size 1.425 1.75) (layers F.Cu F.Paste F.Mask) (roundrect_rratio 0.175439)
      (net 4 UVcc))
    (pad 2 smd roundrect (at 1.4875 0 90) (size 1.425 1.75) (layers F.Cu F.Paste F.Mask) (roundrect_rratio 0.175439)
      (net 5 UGnd))
    (model ${KISYS3DMOD}/Capacitor_SMD.3dshapes/C_1206_3216Metric.wrl
      (at (xyz 0 0 0))
      (scale (xyz 1 1 1))
      (rotate (xyz 0 0 0))
    )
  )

  (module Capacitor_SMD:C_1206_3216Metric_Pad1.42x1.75mm_HandSolder (layer F.Cu) (tedit 5B301BBE) (tstamp 61254FF5)
    (at 124.5 97 90)
    (descr "Capacitor SMD 1206 (3216 Metric), square (rectangular) end terminal, IPC_7351 nominal with elongated pad for handsoldering. (Body size source: http://www.tortai-tech.com/upload/download/2011102023233369053.pdf), generated with kicad-footprint-generator")
    (tags "capacitor handsolder")
    (path /6126BAAC)
    (attr smd)
    (fp_text reference C4 (at 3.25 0 180) (layer F.SilkS)
      (effects (font (size 1 1) (thickness 0.15)))
    )
    (fp_text value 1uF (at 0 1.82 90) (layer F.Fab)
      (effects (font (size 1 1) (thickness 0.15)))
    )
    (fp_line (start 2.45 1.12) (end -2.45 1.12) (layer F.CrtYd) (width 0.05))
    (fp_line (start 2.45 -1.12) (end 2.45 1.12) (layer F.CrtYd) (width 0.05))
    (fp_line (start -2.45 -1.12) (end 2.45 -1.12) (layer F.CrtYd) (width 0.05))
    (fp_line (start -2.45 1.12) (end -2.45 -1.12) (layer F.CrtYd) (width 0.05))
    (fp_line (start -0.602064 0.91) (end 0.602064 0.91) (layer F.SilkS) (width 0.12))
    (fp_line (start -0.602064 -0.91) (end 0.602064 -0.91) (layer F.SilkS) (width 0.12))
    (fp_line (start 1.6 0.8) (end -1.6 0.8) (layer F.Fab) (width 0.1))
    (fp_line (start 1.6 -0.8) (end 1.6 0.8) (layer F.Fab) (width 0.1))
    (fp_line (start -1.6 -0.8) (end 1.6 -0.8) (layer F.Fab) (width 0.1))
    (fp_line (start -1.6 0.8) (end -1.6 -0.8) (layer F.Fab) (width 0.1))
    (fp_text user %R (at 0 0 90) (layer F.Fab)
      (effects (font (size 0.8 0.8) (thickness 0.12)))
    )
    (pad 1 smd roundrect (at -1.4875 0 90) (size 1.425 1.75) (layers F.Cu F.Paste F.Mask) (roundrect_rratio 0.175439)
      (net 5 UGnd))
    (pad 2 smd roundrect (at 1.4875 0 90) (size 1.425 1.75) (layers F.Cu F.Paste F.Mask) (roundrect_rratio 0.175439)
      (net 6 UCap))
    (model ${KISYS3DMOD}/Capacitor_SMD.3dshapes/C_1206_3216Metric.wrl
      (at (xyz 0 0 0))
      (scale (xyz 1 1 1))
      (rotate (xyz 0 0 0))
    )
  )

  (module Resistor_SMD:R_1206_3216Metric_Pad1.42x1.75mm_HandSolder (layer F.Cu) (tedit 5B301BBD) (tstamp 61255019)
    (at 109.25 87.9875 90)
    (descr "Resistor SMD 1206 (3216 Metric), square (rectangular) end terminal, IPC_7351 nominal with elongated pad for handsoldering. (Body size source: http://www.tortai-tech.com/upload/download/2011102023233369053.pdf), generated with kicad-footprint-generator")
    (tags "resistor handsolder")
    (path /6126AFD8)
    (attr smd)
    (fp_text reference FB1 (at 3.2375 0 180) (layer F.SilkS)
      (effects (font (size 1 1) (thickness 0.15)))
    )
    (fp_text value Ferrite_Bead_Small (at 0 1.82 90) (layer F.Fab)
      (effects (font (size 1 1) (thickness 0.15)))
    )
    (fp_line (start -1.6 0.8) (end -1.6 -0.8) (layer F.Fab) (width 0.1))
    (fp_line (start -1.6 -0.8) (end 1.6 -0.8) (layer F.Fab) (width 0.1))
    (fp_line (start 1.6 -0.8) (end 1.6 0.8) (layer F.Fab) (width 0.1))
    (fp_line (start 1.6 0.8) (end -1.6 0.8) (layer F.Fab) (width 0.1))
    (fp_line (start -0.602064 -0.91) (end 0.602064 -0.91) (layer F.SilkS) (width 0.12))
    (fp_line (start -0.602064 0.91) (end 0.602064 0.91) (layer F.SilkS) (width 0.12))
    (fp_line (start -2.45 1.12) (end -2.45 -1.12) (layer F.CrtYd) (width 0.05))
    (fp_line (start -2.45 -1.12) (end 2.45 -1.12) (layer F.CrtYd) (width 0.05))
    (fp_line (start 2.45 -1.12) (end 2.45 1.12) (layer F.CrtYd) (width 0.05))
    (fp_line (start 2.45 1.12) (end -2.45 1.12) (layer F.CrtYd) (width 0.05))
    (fp_text user %R (at 0 0 90) (layer F.Fab)
      (effects (font (size 0.8 0.8) (thickness 0.12)))
    )
    (pad 2 smd roundrect (at 1.4875 0 90) (size 1.425 1.75) (layers F.Cu F.Paste F.Mask) (roundrect_rratio 0.175439)
      (net 4 UVcc))
    (pad 1 smd roundrect (at -1.4875 0 90) (size 1.425 1.75) (layers F.Cu F.Paste F.Mask) (roundrect_rratio 0.175439)
      (net 4 UVcc))
    (model ${KISYS3DMOD}/Resistor_SMD.3dshapes/R_1206_3216Metric.wrl
      (at (xyz 0 0 0))
      (scale (xyz 1 1 1))
      (rotate (xyz 0 0 0))
    )
  )

  (module Connector_PinHeader_2.54mm:PinHeader_1x06_P2.54mm_Vertical (layer F.Cu) (tedit 59FED5CC) (tstamp 612555E1)
    (at 132.25 85.5)
    (descr "Through hole straight pin header, 1x06, 2.54mm pitch, single row")
    (tags "Through hole pin header THT 1x06 2.54mm single row")
    (path /61261303)
    (fp_text reference J2 (at -2.5 13.75 180) (layer F.SilkS) hide
      (effects (font (size 1 1) (thickness 0.15)))
    )
    (fp_text value Conn_01x06_Female (at 0 15.03) (layer F.Fab)
      (effects (font (size 1 1) (thickness 0.15)))
    )
    (fp_line (start 1.8 -1.8) (end -1.8 -1.8) (layer F.CrtYd) (width 0.05))
    (fp_line (start 1.8 14.5) (end 1.8 -1.8) (layer F.CrtYd) (width 0.05))
    (fp_line (start -1.8 14.5) (end 1.8 14.5) (layer F.CrtYd) (width 0.05))
    (fp_line (start -1.8 -1.8) (end -1.8 14.5) (layer F.CrtYd) (width 0.05))
    (fp_line (start -1.33 -1.33) (end 0 -1.33) (layer F.SilkS) (width 0.12))
    (fp_line (start -1.33 0) (end -1.33 -1.33) (layer F.SilkS) (width 0.12))
    (fp_line (start -1.33 1.27) (end 1.33 1.27) (layer F.SilkS) (width 0.12))
    (fp_line (start 1.33 1.27) (end 1.33 14.03) (layer F.SilkS) (width 0.12))
    (fp_line (start -1.33 1.27) (end -1.33 14.03) (layer F.SilkS) (width 0.12))
    (fp_line (start -1.33 14.03) (end 1.33 14.03) (layer F.SilkS) (width 0.12))
    (fp_line (start -1.27 -0.635) (end -0.635 -1.27) (layer F.Fab) (width 0.1))
    (fp_line (start -1.27 13.97) (end -1.27 -0.635) (layer F.Fab) (width 0.1))
    (fp_line (start 1.27 13.97) (end -1.27 13.97) (layer F.Fab) (width 0.1))
    (fp_line (start 1.27 -1.27) (end 1.27 13.97) (layer F.Fab) (width 0.1))
    (fp_line (start -0.635 -1.27) (end 1.27 -1.27) (layer F.Fab) (width 0.1))
    (fp_text user %R (at 0 6.35 90) (layer F.Fab)
      (effects (font (size 1 1) (thickness 0.15)))
    )
    (pad 1 thru_hole rect (at 0 0) (size 1.7 1.7) (drill 1) (layers *.Cu *.Mask)
      (net 4 UVcc))
    (pad 2 thru_hole oval (at 0 2.54) (size 1.7 1.7) (drill 1) (layers *.Cu *.Mask)
      (net 8 D-))
    (pad 3 thru_hole oval (at 0 5.08) (size 1.7 1.7) (drill 1) (layers *.Cu *.Mask)
      (net 9 D+))
    (pad 4 thru_hole oval (at 0 7.62) (size 1.7 1.7) (drill 1) (layers *.Cu *.Mask)
      (net 5 UGnd))
    (pad 5 thru_hole oval (at 0 10.16) (size 1.7 1.7) (drill 1) (layers *.Cu *.Mask)
      (net 6 UCap))
    (pad 6 thru_hole oval (at 0 12.7) (size 1.7 1.7) (drill 1) (layers *.Cu *.Mask)
      (net 4 UVcc))
    (model ${KISYS3DMOD}/Connector_PinSocket_2.54mm.3dshapes/PinSocket_1x06_P2.54mm_Vertical.step
      (offset (xyz 0 0 -2))
      (scale (xyz 1 1 1))
      (rotate (xyz 0 180 0))
    )
  )

  (module Resistor_SMD:R_1206_3216Metric_Pad1.42x1.75mm_HandSolder (layer F.Cu) (tedit 5B301BBD) (tstamp 61255044)
    (at 121.25 88.0125 90)
    (descr "Resistor SMD 1206 (3216 Metric), square (rectangular) end terminal, IPC_7351 nominal with elongated pad for handsoldering. (Body size source: http://www.tortai-tech.com/upload/download/2011102023233369053.pdf), generated with kicad-footprint-generator")
    (tags "resistor handsolder")
    (path /6126F76F)
    (attr smd)
    (fp_text reference R3 (at 3.2625 0 180) (layer F.SilkS)
      (effects (font (size 1 1) (thickness 0.15)))
    )
    (fp_text value 1K (at 0 1.82 90) (layer F.Fab)
      (effects (font (size 1 1) (thickness 0.15)))
    )
    (fp_line (start 2.45 1.12) (end -2.45 1.12) (layer F.CrtYd) (width 0.05))
    (fp_line (start 2.45 -1.12) (end 2.45 1.12) (layer F.CrtYd) (width 0.05))
    (fp_line (start -2.45 -1.12) (end 2.45 -1.12) (layer F.CrtYd) (width 0.05))
    (fp_line (start -2.45 1.12) (end -2.45 -1.12) (layer F.CrtYd) (width 0.05))
    (fp_line (start -0.602064 0.91) (end 0.602064 0.91) (layer F.SilkS) (width 0.12))
    (fp_line (start -0.602064 -0.91) (end 0.602064 -0.91) (layer F.SilkS) (width 0.12))
    (fp_line (start 1.6 0.8) (end -1.6 0.8) (layer F.Fab) (width 0.1))
    (fp_line (start 1.6 -0.8) (end 1.6 0.8) (layer F.Fab) (width 0.1))
    (fp_line (start -1.6 -0.8) (end 1.6 -0.8) (layer F.Fab) (width 0.1))
    (fp_line (start -1.6 0.8) (end -1.6 -0.8) (layer F.Fab) (width 0.1))
    (fp_text user %R (at 0 0 90) (layer F.Fab)
      (effects (font (size 0.8 0.8) (thickness 0.12)))
    )
    (pad 1 smd roundrect (at -1.4875 0 90) (size 1.425 1.75) (layers F.Cu F.Paste F.Mask) (roundrect_rratio 0.175439)
      (net 4 UVcc))
    (pad 2 smd roundrect (at 1.4875 0 90) (size 1.425 1.75) (layers F.Cu F.Paste F.Mask) (roundrect_rratio 0.175439)
      (net 7 "Net-(D1-Pad2)"))
    (model ${KISYS3DMOD}/Resistor_SMD.3dshapes/R_1206_3216Metric.wrl
      (at (xyz 0 0 0))
      (scale (xyz 1 1 1))
      (rotate (xyz 0 0 0))
    )
  )

  (module Resistor_SMD:R_1206_3216Metric_Pad1.42x1.75mm_HandSolder (layer F.Cu) (tedit 5B301BBD) (tstamp 61255547)
    (at 110.524999 95.25 180)
    (descr "Resistor SMD 1206 (3216 Metric), square (rectangular) end terminal, IPC_7351 nominal with elongated pad for handsoldering. (Body size source: http://www.tortai-tech.com/upload/download/2011102023233369053.pdf), generated with kicad-footprint-generator")
    (tags "resistor handsolder")
    (path /61255C02)
    (attr smd)
    (fp_text reference R1 (at -3.475001 -0.145001) (layer F.SilkS)
      (effects (font (size 1 1) (thickness 0.15)))
    )
    (fp_text value 22 (at 0 1.82) (layer F.Fab)
      (effects (font (size 1 1) (thickness 0.15)))
    )
    (fp_line (start 2.45 1.12) (end -2.45 1.12) (layer F.CrtYd) (width 0.05))
    (fp_line (start 2.45 -1.12) (end 2.45 1.12) (layer F.CrtYd) (width 0.05))
    (fp_line (start -2.45 -1.12) (end 2.45 -1.12) (layer F.CrtYd) (width 0.05))
    (fp_line (start -2.45 1.12) (end -2.45 -1.12) (layer F.CrtYd) (width 0.05))
    (fp_line (start -0.602064 0.91) (end 0.602064 0.91) (layer F.SilkS) (width 0.12))
    (fp_line (start -0.602064 -0.91) (end 0.602064 -0.91) (layer F.SilkS) (width 0.12))
    (fp_line (start 1.6 0.8) (end -1.6 0.8) (layer F.Fab) (width 0.1))
    (fp_line (start 1.6 -0.8) (end 1.6 0.8) (layer F.Fab) (width 0.1))
    (fp_line (start -1.6 -0.8) (end 1.6 -0.8) (layer F.Fab) (width 0.1))
    (fp_line (start -1.6 0.8) (end -1.6 -0.8) (layer F.Fab) (width 0.1))
    (fp_text user %R (at 0 0) (layer F.Fab)
      (effects (font (size 0.8 0.8) (thickness 0.12)))
    )
    (pad 1 smd roundrect (at -1.4875 0 180) (size 1.425 1.75) (layers F.Cu F.Paste F.Mask) (roundrect_rratio 0.175439)
      (net 9 D+))
    (pad 2 smd roundrect (at 1.4875 0 180) (size 1.425 1.75) (layers F.Cu F.Paste F.Mask) (roundrect_rratio 0.175439)
      (net 3 /DR+))
    (model ${KISYS3DMOD}/Resistor_SMD.3dshapes/R_1206_3216Metric.wrl
      (at (xyz 0 0 0))
      (scale (xyz 1 1 1))
      (rotate (xyz 0 0 0))
    )
  )

  (module Resistor_SMD:R_1206_3216Metric_Pad1.42x1.75mm_HandSolder (layer F.Cu) (tedit 5B301BBD) (tstamp 61255558)
    (at 110.524999 92.314999 180)
    (descr "Resistor SMD 1206 (3216 Metric), square (rectangular) end terminal, IPC_7351 nominal with elongated pad for handsoldering. (Body size source: http://www.tortai-tech.com/upload/download/2011102023233369053.pdf), generated with kicad-footprint-generator")
    (tags "resistor handsolder")
    (path /612566EC)
    (attr smd)
    (fp_text reference R2 (at -3.475001 -0.185001) (layer F.SilkS)
      (effects (font (size 1 1) (thickness 0.15)))
    )
    (fp_text value 22 (at 0 1.82) (layer F.Fab)
      (effects (font (size 1 1) (thickness 0.15)))
    )
    (fp_line (start -1.6 0.8) (end -1.6 -0.8) (layer F.Fab) (width 0.1))
    (fp_line (start -1.6 -0.8) (end 1.6 -0.8) (layer F.Fab) (width 0.1))
    (fp_line (start 1.6 -0.8) (end 1.6 0.8) (layer F.Fab) (width 0.1))
    (fp_line (start 1.6 0.8) (end -1.6 0.8) (layer F.Fab) (width 0.1))
    (fp_line (start -0.602064 -0.91) (end 0.602064 -0.91) (layer F.SilkS) (width 0.12))
    (fp_line (start -0.602064 0.91) (end 0.602064 0.91) (layer F.SilkS) (width 0.12))
    (fp_line (start -2.45 1.12) (end -2.45 -1.12) (layer F.CrtYd) (width 0.05))
    (fp_line (start -2.45 -1.12) (end 2.45 -1.12) (layer F.CrtYd) (width 0.05))
    (fp_line (start 2.45 -1.12) (end 2.45 1.12) (layer F.CrtYd) (width 0.05))
    (fp_line (start 2.45 1.12) (end -2.45 1.12) (layer F.CrtYd) (width 0.05))
    (fp_text user %R (at 0 0) (layer F.Fab)
      (effects (font (size 0.8 0.8) (thickness 0.12)))
    )
    (pad 2 smd roundrect (at 1.4875 0 180) (size 1.425 1.75) (layers F.Cu F.Paste F.Mask) (roundrect_rratio 0.175439)
      (net 2 /DR-))
    (pad 1 smd roundrect (at -1.4875 0 180) (size 1.425 1.75) (layers F.Cu F.Paste F.Mask) (roundrect_rratio 0.175439)
      (net 8 D-))
    (model ${KISYS3DMOD}/Resistor_SMD.3dshapes/R_1206_3216Metric.wrl
      (at (xyz 0 0 0))
      (scale (xyz 1 1 1))
      (rotate (xyz 0 0 0))
    )
  )

  (module LED_SMD:LED_0805_2012Metric_Pad1.15x1.40mm_HandSolder (layer F.Cu) (tedit 5F68FEF1) (tstamp 6125B1A4)
    (at 124.25 87.9875 90)
    (descr "LED SMD 0805 (2012 Metric), square (rectangular) end terminal, IPC_7351 nominal, (Body size source: https://docs.google.com/spreadsheets/d/1BsfQQcO9C6DZCsRaXUlFlo91Tg2WpOkGARC1WS5S8t0/edit?usp=sharing), generated with kicad-footprint-generator")
    (tags "LED handsolder")
    (path /6126FB2D)
    (attr smd)
    (fp_text reference D1 (at 0 -1.65 90) (layer F.SilkS)
      (effects (font (size 1 1) (thickness 0.15)))
    )
    (fp_text value LED (at 0 1.65 90) (layer F.Fab)
      (effects (font (size 1 1) (thickness 0.15)))
    )
    (fp_line (start 1.85 0.95) (end -1.85 0.95) (layer F.CrtYd) (width 0.05))
    (fp_line (start 1.85 -0.95) (end 1.85 0.95) (layer F.CrtYd) (width 0.05))
    (fp_line (start -1.85 -0.95) (end 1.85 -0.95) (layer F.CrtYd) (width 0.05))
    (fp_line (start -1.85 0.95) (end -1.85 -0.95) (layer F.CrtYd) (width 0.05))
    (fp_line (start -1.86 0.96) (end 1 0.96) (layer F.SilkS) (width 0.12))
    (fp_line (start -1.86 -0.96) (end -1.86 0.96) (layer F.SilkS) (width 0.12))
    (fp_line (start 1 -0.96) (end -1.86 -0.96) (layer F.SilkS) (width 0.12))
    (fp_line (start 1 0.6) (end 1 -0.6) (layer F.Fab) (width 0.1))
    (fp_line (start -1 0.6) (end 1 0.6) (layer F.Fab) (width 0.1))
    (fp_line (start -1 -0.3) (end -1 0.6) (layer F.Fab) (width 0.1))
    (fp_line (start -0.7 -0.6) (end -1 -0.3) (layer F.Fab) (width 0.1))
    (fp_line (start 1 -0.6) (end -0.7 -0.6) (layer F.Fab) (width 0.1))
    (fp_text user %R (at 0 0 90) (layer F.Fab)
      (effects (font (size 0.5 0.5) (thickness 0.08)))
    )
    (pad 1 smd roundrect (at -1.025 0 90) (size 1.15 1.4) (layers F.Cu F.Paste F.Mask) (roundrect_rratio 0.217391)
      (net 5 UGnd))
    (pad 2 smd roundrect (at 1.025 0 90) (size 1.15 1.4) (layers F.Cu F.Paste F.Mask) (roundrect_rratio 0.217391)
      (net 7 "Net-(D1-Pad2)"))
    (model ${KISYS3DMOD}/LED_SMD.3dshapes/LED_0805_2012Metric.wrl
      (at (xyz 0 0 0))
      (scale (xyz 1 1 1))
      (rotate (xyz 0 0 0))
    )
  )

  (gr_text "Solder header this side" (at 117.75 91.75) (layer B.SilkS)
    (effects (font (size 0.75 0.75) (thickness 0.15)) (justify mirror))
  )
  (gr_text "ATmega32u4 USB header" (at 111 98.25) (layer F.SilkS)
    (effects (font (size 1 1) (thickness 0.15)))
  )
  (gr_text VBus (at 130 98.25) (layer B.SilkS)
    (effects (font (size 1 1) (thickness 0.15)) (justify left mirror))
  )
  (gr_text UCap (at 130.25 95.75) (layer B.SilkS)
    (effects (font (size 1 1) (thickness 0.15)) (justify left mirror))
  )
  (gr_text UGnd (at 130.25 93) (layer B.SilkS)
    (effects (font (size 1 1) (thickness 0.15)) (justify left mirror))
  )
  (gr_text D+ (at 130.25 90.5) (layer B.SilkS)
    (effects (font (size 1 1) (thickness 0.15)) (justify left mirror))
  )
  (gr_text D- (at 130.25 88) (layer B.SilkS)
    (effects (font (size 1 1) (thickness 0.15)) (justify left mirror))
  )
  (gr_text UVcc (at 130.25 85.5) (layer B.SilkS)
    (effects (font (size 1 1) (thickness 0.15)) (justify left mirror))
  )
  (gr_line (start 134 100) (end 100 100) (layer Edge.Cuts) (width 0.05) (tstamp 61255816))
  (gr_line (start 134 83.75) (end 134 100) (layer Edge.Cuts) (width 0.05))
  (gr_line (start 100 83.75) (end 134 83.75) (layer Edge.Cuts) (width 0.05))
  (gr_text VBus (at 130.25 98.25) (layer F.SilkS) (tstamp 6125561A)
    (effects (font (size 1 1) (thickness 0.15)) (justify right))
  )
  (gr_text UCap (at 130.25 95.75) (layer F.SilkS) (tstamp 61255590)
    (effects (font (size 1 1) (thickness 0.15)) (justify right))
  )
  (gr_text UGnd (at 130.25 93) (layer F.SilkS) (tstamp 61255599)
    (effects (font (size 1 1) (thickness 0.15)) (justify right))
  )
  (gr_text D+ (at 130.25 90.5) (layer F.SilkS) (tstamp 61255617)
    (effects (font (size 1 1) (thickness 0.15)) (justify right))
  )
  (gr_text D- (at 130.25 88) (layer F.SilkS) (tstamp 61255620)
    (effects (font (size 1 1) (thickness 0.15)) (justify right))
  )
  (gr_text UVcc (at 130.25 85.5) (layer F.SilkS) (tstamp 6125561D)
    (effects (font (size 1 1) (thickness 0.15)) (justify right))
  )
  (gr_line (start 100 83.75) (end 100 100) (layer Edge.Cuts) (width 0.05) (tstamp 61255BD1))

  (segment (start 106.738895 92.314999) (end 109.037499 92.314999) (width 0.2) (layer F.Cu) (net 2) (status 20))
  (segment (start 104.2125 90.35) (end 104.3125 90.45) (width 0.2) (layer F.Cu) (net 2) (status 30))
  (segment (start 105.063885 90.45) (end 105.637492 91.023607) (width 0.2) (layer F.Cu) (net 2))
  (segment (start 105.637492 91.213596) (end 106.738895 92.314999) (width 0.2) (layer F.Cu) (net 2))
  (segment (start 104.3125 90.45) (end 105.063885 90.45) (width 0.2) (layer F.Cu) (net 2) (status 10))
  (segment (start 105.637492 91.023607) (end 105.637492 91.213596) (width 0.2) (layer F.Cu) (net 2))
  (segment (start 105.187501 91.400002) (end 109.037499 95.25) (width 0.2) (layer F.Cu) (net 3) (status 20))
  (segment (start 105.187501 91.209999) (end 105.187501 91.400002) (width 0.2) (layer F.Cu) (net 3))
  (segment (start 104.2125 91) (end 104.3125 90.9) (width 0.2) (layer F.Cu) (net 3) (status 30))
  (segment (start 104.877502 90.9) (end 105.187501 91.209999) (width 0.2) (layer F.Cu) (net 3) (status 10))
  (segment (start 104.3125 90.9) (end 104.877502 90.9) (width 0.2) (layer F.Cu) (net 3) (status 30))
  (segment (start 112.25 89.475) (end 115.25 89.475) (width 0.508) (layer F.Cu) (net 4) (status 30))
  (segment (start 115.25 89.475) (end 118.25 89.475) (width 0.508) (layer F.Cu) (net 4) (status 30))
  (segment (start 121.475 89.475) (end 121.5 89.5) (width 0.508) (layer F.Cu) (net 4) (status 30))
  (segment (start 118.25 89.475) (end 121.475 89.475) (width 0.508) (layer F.Cu) (net 4) (status 30))
  (segment (start 106.7625 89.7) (end 109.25 87.2125) (width 0.381) (layer F.Cu) (net 4))
  (segment (start 109.25 87.2125) (end 109.25 86.5) (width 0.381) (layer F.Cu) (net 4) (status 20))
  (segment (start 104.2125 89.7) (end 106.7625 89.7) (width 0.381) (layer F.Cu) (net 4) (status 10))
  (segment (start 109.25 89.475) (end 112.25 89.475) (width 0.381) (layer F.Cu) (net 4) (status 30))
  (segment (start 109.25 86.5) (end 109.25 89.475) (width 0.381) (layer F.Cu) (net 4))
  (segment (start 128.392 89.358) (end 128.5 89.25) (width 0.508) (layer B.Cu) (net 4))
  (via (at 128.5 89.25) (size 0.8) (drill 0.4) (layers F.Cu B.Cu) (net 4))
  (segment (start 128.5 94.5) (end 128.75 94.75) (width 0.508) (layer B.Cu) (net 4))
  (segment (start 128.5 89.25) (end 128.5 94.5) (width 0.508) (layer B.Cu) (net 4))
  (segment (start 132.25 98.2) (end 128.75 94.75) (width 0.508) (layer B.Cu) (net 4))
  (segment (start 121.25 89.5) (end 121.25 89.55) (width 0.508) (layer F.Cu) (net 4))
  (segment (start 121.25 89.55) (end 123.5 91.8) (width 0.508) (layer F.Cu) (net 4))
  (segment (start 125.95 91.8) (end 128.5 89.25) (width 0.508) (layer F.Cu) (net 4))
  (segment (start 123.5 91.8) (end 125.95 91.8) (width 0.508) (layer F.Cu) (net 4))
  (segment (start 130.892 85.5) (end 132.25 85.5) (width 0.508) (layer F.Cu) (net 4))
  (segment (start 128.5 87.892) (end 130.892 85.5) (width 0.508) (layer F.Cu) (net 4))
  (segment (start 128.5 89.25) (end 128.5 87.892) (width 0.508) (layer F.Cu) (net 4))
  (via (at 113.75 86.5) (size 0.8) (drill 0.4) (layers F.Cu B.Cu) (net 5))
  (segment (start 112.25 86.5) (end 113.75 86.5) (width 0.508) (layer F.Cu) (net 5) (status 10))
  (via (at 116.75 86.5) (size 0.8) (drill 0.4) (layers F.Cu B.Cu) (net 5))
  (segment (start 115.25 86.5) (end 116.75 86.5) (width 0.508) (layer F.Cu) (net 5) (status 10))
  (via (at 119.75 86.5) (size 0.8) (drill 0.4) (layers F.Cu B.Cu) (net 5))
  (segment (start 118.25 86.5) (end 119.75 86.5) (width 0.508) (layer F.Cu) (net 5) (status 10))
  (segment (start 104.2125 92.3) (end 105.05 92.3) (width 0.381) (layer F.Cu) (net 5) (status 10))
  (via (at 105.75 93) (size 0.8) (drill 0.4) (layers F.Cu B.Cu) (net 5))
  (segment (start 105.05 92.3) (end 105.75 93) (width 0.381) (layer F.Cu) (net 5))
  (via (at 123 98.5) (size 0.8) (drill 0.4) (layers F.Cu B.Cu) (net 5))
  (segment (start 124.5 98.4875) (end 123.0125 98.4875) (width 0.508) (layer F.Cu) (net 5))
  (segment (start 123.0125 98.4875) (end 123 98.5) (width 0.508) (layer F.Cu) (net 5))
  (via (at 124.5 90.75) (size 0.8) (drill 0.4) (layers F.Cu B.Cu) (net 5))
  (segment (start 124.5 89.475) (end 124.5 90.75) (width 0.508) (layer F.Cu) (net 5))
  (segment (start 101.6 89.975) (end 101.6 89.7) (width 0.508) (layer F.Cu) (net 5))
  (segment (start 132.1025 95.5125) (end 132.25 95.66) (width 0.25) (layer F.Cu) (net 6))
  (segment (start 124.5 95.5125) (end 132.1025 95.5125) (width 0.25) (layer F.Cu) (net 6))
  (segment (start 124.225 86.525) (end 124.25 86.5) (width 0.508) (layer F.Cu) (net 7))
  (segment (start 121.25 86.525) (end 124.225 86.525) (width 0.508) (layer F.Cu) (net 7))
  (segment (start 126.7325 93.5575) (end 130.028198 90.261802) (width 0.2) (layer F.Cu) (net 8))
  (segment (start 113.254999 93.5575) (end 126.7325 93.5575) (width 0.2) (layer F.Cu) (net 8))
  (segment (start 112.012499 92.315) (end 113.254999 93.5575) (width 0.2) (layer F.Cu) (net 8))
  (segment (start 130.028198 90.261802) (end 132.25 88.04) (width 0.2) (layer F.Cu) (net 8))
  (segment (start 112.012499 92.314999) (end 112.012499 92.315) (width 0.2) (layer F.Cu) (net 8))
  (segment (start 113.254999 94.0075) (end 126.918897 94.0075) (width 0.2) (layer F.Cu) (net 9))
  (segment (start 112.012499 95.25) (end 113.254999 94.0075) (width 0.2) (layer F.Cu) (net 9))
  (segment (start 130.346397 90.58) (end 132.25 90.58) (width 0.2) (layer F.Cu) (net 9))
  (segment (start 126.918897 94.0075) (end 130.346397 90.58) (width 0.2) (layer F.Cu) (net 9))

  (zone (net 5) (net_name UGnd) (layer F.Cu) (tstamp 0) (hatch edge 0.508)
    (connect_pads (clearance 0.508))
    (min_thickness 0.254)
    (fill yes (arc_segments 32) (thermal_gap 0.508) (thermal_bridge_width 0.508))
    (polygon
      (pts
        (xy 134.5 100.5) (xy 99.5 100.5) (xy 99.5 83.25) (xy 134.5 83.25)
      )
    )
    (filled_polygon
      (pts
        (xy 110.886595 90.430886) (xy 110.997038 90.565462) (xy 111.131614 90.675905) (xy 111.28515 90.757972) (xy 111.451746 90.808508)
        (xy 111.467463 90.810056) (xy 111.376745 90.818991) (xy 111.210149 90.869527) (xy 111.056613 90.951594) (xy 110.922037 91.062037)
        (xy 110.811594 91.196613) (xy 110.729527 91.350149) (xy 110.678991 91.516745) (xy 110.661927 91.689999) (xy 110.661927 92.939999)
        (xy 110.678991 93.113253) (xy 110.729527 93.279849) (xy 110.811594 93.433385) (xy 110.922037 93.567961) (xy 111.056613 93.678404)
        (xy 111.210149 93.760471) (xy 111.282768 93.7825) (xy 111.210149 93.804528) (xy 111.056613 93.886595) (xy 110.922037 93.997038)
        (xy 110.811594 94.131614) (xy 110.729527 94.28515) (xy 110.678991 94.451746) (xy 110.661927 94.625) (xy 110.661927 95.875)
        (xy 110.678991 96.048254) (xy 110.729527 96.21485) (xy 110.811594 96.368386) (xy 110.922037 96.502962) (xy 111.056613 96.613405)
        (xy 111.210149 96.695472) (xy 111.376745 96.746008) (xy 111.549999 96.763072) (xy 112.474999 96.763072) (xy 112.648253 96.746008)
        (xy 112.814849 96.695472) (xy 112.968385 96.613405) (xy 113.102961 96.502962) (xy 113.213404 96.368386) (xy 113.295471 96.21485)
        (xy 113.346007 96.048254) (xy 113.363071 95.875) (xy 113.363071 94.938875) (xy 113.559446 94.7425) (xy 123.044715 94.7425)
        (xy 123.003992 94.876746) (xy 122.986928 95.05) (xy 122.986928 95.975) (xy 123.003992 96.148254) (xy 123.054528 96.31485)
        (xy 123.136595 96.468386) (xy 123.247038 96.602962) (xy 123.381614 96.713405) (xy 123.53515 96.795472) (xy 123.701746 96.846008)
        (xy 123.875 96.863072) (xy 125.125 96.863072) (xy 125.298254 96.846008) (xy 125.46485 96.795472) (xy 125.618386 96.713405)
        (xy 125.752962 96.602962) (xy 125.863405 96.468386) (xy 125.945472 96.31485) (xy 125.958319 96.2725) (xy 130.896354 96.2725)
        (xy 130.93401 96.363411) (xy 131.096525 96.606632) (xy 131.303368 96.813475) (xy 131.47776 96.93) (xy 131.303368 97.046525)
        (xy 131.096525 97.253368) (xy 130.93401 97.496589) (xy 130.822068 97.766842) (xy 130.765 98.05374) (xy 130.765 98.34626)
        (xy 130.822068 98.633158) (xy 130.93401 98.903411) (xy 131.096525 99.146632) (xy 131.289893 99.34) (xy 125.996105 99.34)
        (xy 126.000812 99.324482) (xy 126.013072 99.2) (xy 126.01 98.77325) (xy 125.85125 98.6145) (xy 124.627 98.6145)
        (xy 124.627 98.6345) (xy 124.373 98.6345) (xy 124.373 98.6145) (xy 123.14875 98.6145) (xy 122.99 98.77325)
        (xy 122.986928 99.2) (xy 122.999188 99.324482) (xy 123.003895 99.34) (xy 100.66 99.34) (xy 100.66 97.775)
        (xy 122.986928 97.775) (xy 122.99 98.20175) (xy 123.14875 98.3605) (xy 124.373 98.3605) (xy 124.373 97.29875)
        (xy 124.627 97.29875) (xy 124.627 98.3605) (xy 125.85125 98.3605) (xy 126.01 98.20175) (xy 126.013072 97.775)
        (xy 126.000812 97.650518) (xy 125.964502 97.53082) (xy 125.905537 97.420506) (xy 125.826185 97.323815) (xy 125.729494 97.244463)
        (xy 125.61918 97.185498) (xy 125.499482 97.149188) (xy 125.375 97.136928) (xy 124.78575 97.14) (xy 124.627 97.29875)
        (xy 124.373 97.29875) (xy 124.21425 97.14) (xy 123.625 97.136928) (xy 123.500518 97.149188) (xy 123.38082 97.185498)
        (xy 123.270506 97.244463) (xy 123.173815 97.323815) (xy 123.094463 97.420506) (xy 123.035498 97.53082) (xy 122.999188 97.650518)
        (xy 122.986928 97.775) (xy 100.66 97.775) (xy 100.66 95.484963) (xy 100.788553 95.553676) (xy 101.002501 95.618577)
        (xy 101.169248 95.635) (xy 101.830752 95.635) (xy 101.997499 95.618577) (xy 102.211447 95.553676) (xy 102.408623 95.448284)
        (xy 102.581449 95.306449) (xy 102.723284 95.133623) (xy 102.828676 94.936447) (xy 102.893577 94.722499) (xy 102.915491 94.5)
        (xy 102.893577 94.277501) (xy 102.828676 94.063553) (xy 102.723284 93.866377) (xy 102.581449 93.693551) (xy 102.408623 93.551716)
        (xy 102.211447 93.446324) (xy 102.180212 93.436849) (xy 102.375 93.438072) (xy 102.499482 93.425812) (xy 102.61918 93.389502)
        (xy 102.729494 93.330537) (xy 102.826185 93.251185) (xy 102.905537 93.154494) (xy 102.964502 93.04418) (xy 103.000812 92.924482)
        (xy 103.006179 92.869986) (xy 103.081088 92.958343) (xy 103.143761 93.008122) (xy 103.106062 93.132402) (xy 103.09 93.295479)
        (xy 103.09 93.70452) (xy 103.106062 93.867597) (xy 103.169532 94.076833) (xy 103.272604 94.269666) (xy 103.411314 94.438686)
        (xy 103.580334 94.577396) (xy 103.773166 94.680468) (xy 103.982402 94.743938) (xy 104.2 94.76537) (xy 104.417597 94.743938)
        (xy 104.626833 94.680468) (xy 104.819666 94.577396) (xy 104.988686 94.438686) (xy 105.127396 94.269666) (xy 105.230468 94.076834)
        (xy 105.293938 93.867598) (xy 105.31 93.704521) (xy 105.31 93.29548) (xy 105.293938 93.132403) (xy 105.256238 93.008122)
