(kicad_pcb (version 20171130) (host pcbnew "(5.1.5)-3")

  (general
    (thickness 1.6)
    (drawings 18)
    (tracks 65)
    (zones 0)
    (modules 11)
    (nets 10)
  )

  (page A4)
  (layers
    (0 F.Cu signal)
    (31 B.Cu signal)
    (32 B.Adhes user)
    (33 F.Adhes user)
    (34 B.Paste user)
    (35 F.Paste user)
    (36 B.SilkS user)
    (37 F.SilkS user)
    (38 B.Mask user)
    (39 F.Mask user)
    (40 Dwgs.User user)
    (41 Cmts.User user)
    (42 Eco1.User user)
    (43 Eco2.User user)
    (44 Edge.Cuts user)
    (45 Margin user)
    (46 B.CrtYd user)
    (47 F.CrtYd user)
    (48 B.Fab user)
    (49 F.Fab user hide)
  )

  (setup
    (last_trace_width 0.508)
    (user_trace_width 0.381)
    (user_trace_width 0.508)
    (trace_clearance 0.2)
    (zone_clearance 0.508)
    (zone_45_only no)
    (trace_min 0.2)
    (via_size 0.8)
    (via_drill 0.4)
    (via_min_size 0.4)
    (via_min_drill 0.3)
    (uvia_size 0.3)
    (uvia_drill 0.1)
    (uvias_allowed no)
    (uvia_min_size 0.2)
    (uvia_min_drill 0.1)
    (edge_width 0.05)
    (segment_width 0.2)
    (pcb_text_width 0.3)
    (pcb_text_size 1.5 1.5)
    (mod_edge_width 0.12)
    (mod_text_size 1 1)
    (mod_text_width 0.15)
    (pad_size 1.524 1.524)
    (pad_drill 0.762)
    (pad_to_mask_clearance 0.051)
    (solder_mask_min_width 0.25)
    (aux_axis_origin 0 0)
    (visible_elements 7FFFFFFF)
    (pcbplotparams
      (layerselection 0x010fc_ffffffff)
      (usegerberextensions false)
      (usegerberattributes false)
      (usegerberadvancedattributes false)
      (creategerberjobfile false)
      (excludeedgelayer true)
      (linewidth 0.100000)
      (plotframeref false)
      (viasonmask false)
      (mode 1)
      (useauxorigin false)
      (hpglpennumber 1)
      (hpglpenspeed 20)
      (hpglpendiameter 15.000000)
      (psnegative false)
      (psa4output false)
      (plotreference true)
      (plotvalue true)
      (plotinvisibletext false)
      (padsonsilk false)
      (subtractmaskfromsilk false)
      (outputformat 1)
      (mirror false)
      (drillshape 0)
      (scaleselection 1)
      (outputdirectory "gerbers/"))
  )

  (net 0 "")
  (net 1 "Net-(J1-Pad4)")
  (net 2 /DR-)
  (net 3 /DR+)
  (net 4 UVcc)
  (net 5 UGnd)
  (net 6 UCap)
  (net 7 "Net-(D1-Pad2)")
  (net 8 D-)
  (net 9 D+)

  (net_class Default "This is the default net class."
    (clearance 0.2)
    (trace_width 0.25)
    (via_dia 0.8)
    (via_drill 0.4)
    (uvia_dia 0.3)
    (uvia_drill 0.1)
    (add_net /DR+)
    (add_net /DR-)
    (add_net D+)
    (add_net D-)
    (add_net "Net-(D1-Pad2)")
    (add_net "Net-(J1-Pad4)")
    (add_net UCap)
    (add_net UGnd)
    (add_net UVcc)
  )

  (module Connector_USB:USB_Micro-B_Molex-105017-0001 (layer F.Cu) (tedit 5A1DC0BE) (tstamp 6125420C)
    (at 102.75 91 270)
    (descr http://www.molex.com/pdm_docs/sd/1050170001_sd.pdf)
    (tags "Micro-USB SMD Typ-B")
    (path /6125557F)
    (attr smd)
    (fp_text reference J1 (at 5.25 -1.75 180) (layer F.SilkS) hide
      (effects (font (size 1 1) (thickness 0.15)))
    )
    (fp_text value USB_B_Micro (at 0.3 4.3375 90) (layer F.Fab)
      (effects (font (size 1 1) (thickness 0.15)))
    )
    (fp_text user "PCB Edge" (at 0 2.6875 90) (layer Dwgs.User)
      (effects (font (size 0.5 0.5) (thickness 0.08)))
    )
    (fp_text user %R (at 0 0.8875 90) (layer F.Fab)
      (effects (font (size 1 1) (thickness 0.15)))
    )
    (fp_line (start -4.4 3.64) (end 4.4 3.64) (layer F.CrtYd) (width 0.05))
    (fp_line (start 4.4 -2.46) (end 4.4 3.64) (layer F.CrtYd) (width 0.05))
    (fp_line (start -4.4 -2.46) (end 4.4 -2.46) (layer F.CrtYd) (width 0.05))
    (fp_line (start -4.4 3.64) (end -4.4 -2.46) (layer F.CrtYd) (width 0.05))
    (fp_line (start -3.9 -1.7625) (end -3.45 -1.7625) (layer F.SilkS) (width 0.12))
    (fp_line (start -3.9 0.0875) (end -3.9 -1.7625) (layer F.SilkS) (width 0.12))
    (fp_line (start 3.9 2.6375) (end 3.9 2.3875) (layer F.SilkS) (width 0.12))
    (fp_line (start 3.75 3.3875) (end 3.75 -1.6125) (layer F.Fab) (width 0.1))
    (fp_line (start -3 2.689204) (end 3 2.689204) (layer F.Fab) (width 0.1))
    (fp_line (start -3.75 3.389204) (end 3.75 3.389204) (layer F.Fab) (width 0.1))
    (fp_line (start -3.75 -1.6125) (end 3.75 -1.6125) (layer F.Fab) (width 0.1))
    (fp_line (start -3.75 3.3875) (end -3.75 -1.6125) (layer F.Fab) (width 0.1))
    (fp_line (start -3.9 2.6375) (end -3.9 2.3875) (layer F.SilkS) (width 0.12))
    (fp_line (start 3.9 0.0875) (end 3.9 -1.7625) (layer F.SilkS) (width 0.12))
    (fp_line (start 3.9 -1.7625) (end 3.45 -1.7625) (layer F.SilkS) (width 0.12))
    (fp_line (start -1.7 -2.3125) (end -1.25 -2.3125) (layer F.SilkS) (width 0.12))
    (fp_line (start -1.7 -2.3125) (end -1.7 -1.8625) (layer F.SilkS) (width 0.12))
    (fp_line (start -1.3 -1.7125) (end -1.5 -1.9125) (layer F.Fab) (width 0.1))
    (fp_line (start -1.1 -1.9125) (end -1.3 -1.7125) (layer F.Fab) (width 0.1))
    (fp_line (start -1.5 -2.1225) (end -1.1 -2.1225) (layer F.Fab) (width 0.1))
    (fp_line (start -1.5 -2.1225) (end -1.5 -1.9125) (layer F.Fab) (width 0.1))
    (fp_line (start -1.1 -2.1225) (end -1.1 -1.9125) (layer F.Fab) (width 0.1))
    (pad 6 smd rect (at 1 1.2375 270) (size 1.5 1.9) (layers F.Cu F.Paste F.Mask)
      (net 5 UGnd))
    (pad 6 thru_hole circle (at -2.5 -1.4625 270) (size 1.45 1.45) (drill 0.85) (layers *.Cu *.Mask)
      (net 5 UGnd))
    (pad 2 smd rect (at -0.65 -1.4625 270) (size 0.4 1.35) (layers F.Cu F.Paste F.Mask)
      (net 2 /DR-))
    (pad 1 smd rect (at -1.3 -1.4625 270) (size 0.4 1.35) (layers F.Cu F.Paste F.Mask)
      (net 4 UVcc))
    (pad 5 smd rect (at 1.3 -1.4625 270) (size 0.4 1.35) (layers F.Cu F.Paste F.Mask)
      (net 5 UGnd))
    (pad 4 smd rect (at 0.65 -1.4625 270) (size 0.4 1.35) (layers F.Cu F.Paste F.Mask)
      (net 1 "Net-(J1-Pad4)"))
    (pad 3 smd rect (at 0 -1.4625 270) (size 0.4 1.35) (layers F.Cu F.Paste F.Mask)
      (net 3 /DR+))
    (pad 6 thru_hole circle (at 2.5 -1.4625 270) (size 1.45 1.45) (drill 0.85) (layers *.Cu *.Mask)
      (net 5 UGnd))
    (pad 6 smd rect (at -1 1.2375 270) (size 1.5 1.9) (layers F.Cu F.Paste F.Mask)
      (net 5 UGnd))
    (pad 6 thru_hole oval (at -3.5 1.2375 90) (size 1.2 1.9) (drill oval 0.6 1.3) (layers *.Cu *.Mask)
      (net 5 UGnd))
    (pad 6 thru_hole oval (at 3.5 1.2375 270) (size 1.2 1.9) (drill oval 0.6 1.3) (layers *.Cu *.Mask)
      (net 5 UGnd))
    (pad 6 smd rect (at 2.9 1.2375 270) (size 1.2 1.9) (layers F.Cu F.Mask)
      (net 5 UGnd))
    (pad 6 smd rect (at -2.9 1.2375 270) (size 1.2 1.9) (layers F.Cu F.Mask)
      (net 5 UGnd))
    (model ${KISYS3DMOD}/Connector_USB.3dshapes/USB_Micro-B_Molex-105017-0001.wrl
      (at (xyz 0 0 0))
      (scale (xyz 1 1 1))
      (rotate (xyz 0 0 0))
    )
  )

  (module Capacitor_SMD:C_1206_3216Metric_Pad1.42x1.75mm_HandSolder (layer F.Cu) (tedit 5B301BBE) (tstamp 6125519C)
    (at 112.25 87.9875 270)
    (descr "Capacitor SMD 1206 (3216 Metric), square (rectangular) end terminal, IPC_7351 nominal with elongated pad for handsoldering. (Body size source: http://www.tortai-tech.com/upload/download/2011102023233369053.pdf), generated with kicad-footprint-generator")
    (tags "capacitor handsolder")
    (path /6126B4A3)
    (attr smd)
    (fp_text reference C1 (at -3.2375 0 180) (layer F.SilkS)
      (effects (font (size 1 1) (thickness 0.15)))
    )
    (fp_text value 10uF (at 0 1.82 90) (layer F.Fab)
      (effects (font (size 1 1) (thickness 0.15)))
    )
    (fp_text user %R (at 0 0 90) (layer F.Fab)
      (effects (font (size 0.8 0.8) (thickness 0.12)))
    )
    (fp_line (start 2.45 1.12) (end -2.45 1.12) (layer F.CrtYd) (width 0.05))
    (fp_line (start 2.45 -1.12) (end 2.45 1.12) (layer F.CrtYd) (width 0.05))
    (fp_line (start -2.45 -1.12) (end 2.45 -1.12) (layer F.CrtYd) (width 0.05))
    (fp_line (start -2.45 1.12) (end -2.45 -1.12) (layer F.CrtYd) (width 0.05))
    (fp_line (start -0.602064 0.91) (end 0.602064 0.91) (layer F.SilkS) (width 0.12))
    (fp_line (start -0.602064 -0.91) (end 0.602064 -0.91) (layer F.SilkS) (width 0.12))
    (fp_line (start 1.6 0.8) (end -1.6 0.8) (layer F.Fab) (width 0.1))
    (fp_line (start 1.6 -0.8) (end 1.6 0.8) (layer F.Fab) (width 0.1))
    (fp_line (start -1.6 -0.8) (end 1.6 -0.8) (layer F.Fab) (width 0.1))
    (fp_line (start -1.6 0.8) (end -1.6 -0.8) (layer F.Fab) (width 0.1))
    (pad 2 smd roundrect (at 1.4875 0 270) (size 1.425 1.75) (layers F.Cu F.Paste F.Mask) (roundrect_rratio 0.175439)
      (net 4 UVcc))
    (pad 1 smd roundrect (at -1.4875 0 270) (size 1.425 1.75) (layers F.Cu F.Paste F.Mask) (roundrect_rratio 0.175439)
      (net 5 UGnd))
    (model ${KISYS3DMOD}/Capacitor_SMD.3dshapes/C_1206_3216Metric.wrl
      (at (xyz 0 0 0))
      (scale (xyz 1 1 1))
      (rotate (xyz 0 0 0))
    )
  )

  (module Capacitor_SMD:C_1206_3216Metric_Pad1.42x1.75mm_HandSolder (layer F.Cu) (tedit 5B301BBE) (tstamp 61254FD3)
    (at 115.25 87.9875 90)
    (descr "Capacitor SMD 1206 (3216 Metric), square (rectangular) end terminal, IPC_7351 nominal with elongated pad for handsoldering. (Body size source: http://www.tortai-tech.com/upload/download/2011102023233369053.pdf), generated with kicad-footprint-generator")
    (tags "capacitor handsolder")
    (path /6126DF79)
    (attr smd)
    (fp_text reference C2 (at 3.2375 0 180) (layer F.SilkS)
      (effects (font (size 1 1) (thickness 0.15)))
    )
    (fp_text value 1uF (at 0 1.82 90) (layer F.Fab)
      (effects (font (size 1 1) (thickness 0.15)))
    )
    (fp_text user %R (at 0 0 90) (layer F.Fab)
      (effects (font (size 0.8 0.8) (thickness 0.12)))
    )
    (fp_line (start 2.45 1.12) (end -2.45 1.12) (layer F.CrtYd) (width 0.05))
    (fp_line (start 2.45 -1.12) (end 2.45 1.12) (layer F.CrtYd) (width 0.05))
    (fp_line (start -2.45 -1.12) (end 2.45 -1.12) (layer F.CrtYd) (width 0.05))
    (fp_line (start -2.45 1.12) (end -2.45 -1.12) (layer F.CrtYd) (width 0.05))
    (fp_line (start -0.602064 0.91) (end 0.602064 0.91) (layer F.SilkS) (width 0.12))
    (fp_line (start -0.602064 -0.91) (end 0.602064 -0.91) (layer F.SilkS) (width 0.12))
    (fp_line (start 1.6 0.8) (end -1.6 0.8) (layer F.Fab) (width 0.1))
    (fp_line (start 1.6 -0.8) (end 1.6 0.8) (layer F.Fab) (width 0.1))
    (fp_line (start -1.6 -0.8) (end 1.6 -0.8) (layer F.Fab) (width 0.1))
    (fp_line (start -1.6 0.8) (end -1.6 -0.8) (layer F.Fab) (width 0.1))
    (pad 2 smd roundrect (at 1.4875 0 90) (size 1.425 1.75) (layers F.Cu F.Paste F.Mask) (roundrect_rratio 0.175439)
      (net 5 UGnd))
    (pad 1 smd roundrect (at -1.4875 0 90) (size 1.425 1.75) (layers F.Cu F.Paste F.Mask) (roundrect_rratio 0.175439)
      (net 4 UVcc))
    (model ${KISYS3DMOD}/Capacitor_SMD.3dshapes/C_1206_3216Metric.wrl
      (at (xyz 0 0 0))
      (scale (xyz 1 1 1))
      (rotate (xyz 0 0 0))
    )
  )

  (module Capacitor_SMD:C_1206_3216Metric_Pad1.42x1.75mm_HandSolder (layer F.Cu) (tedit 5B301BBE) (tstamp 61254FE4)
    (at 118.25 87.9875 90)
    (descr "Capacitor SMD 1206 (3216 Metric), square (rectangular) end terminal, IPC_7351 nominal with elongated pad for handsoldering. (Body size source: http://www.tortai-tech.com/upload/download/2011102023233369053.pdf), generated with kicad-footprint-generator")
    (tags "capacitor handsolder")
    (path /6126E66F)
    (attr smd)
    (fp_text reference C3 (at 3.2375 0 180) (layer F.SilkS)
      (effects (font (size 1 1) (thickness 0.15)))
    )
    (fp_text value 0.1uF (at 0 1.82 90) (layer F.Fab)
      (effects (font (size 1 1) (thickness 0.15)))
    )
    (fp_line (start -1.6 0.8) (end -1.6 -0.8) (layer F.Fab) (width 0.1))
    (fp_line (start -1.6 -0.8) (end 1.6 -0.8) (layer F.Fab) (width 0.1))
    (fp_line (start 1.6 -0.8) (end 1.6 0.8) (layer F.Fab) (width 0.1))
    (fp_line (start 1.6 0.8) (end -1.6 0.8) (layer F.Fab) (width 0.1))
    (fp_line (start -0.602064 -0.91) (end 0.602064 -0.91) (layer F.SilkS) (width 0.12))
    (fp_line (start -0.602064 0.91) (end 0.602064 0.91) (layer F.SilkS) (width 0.12))
    (fp_line (start -2.45 1.12) (end -2.45 -1.12) (layer F.CrtYd) (width 0.05))
    (fp_line (start -2.45 -1.12) (end 2.45 -1.12) (layer F.CrtYd) (width 0.05))
    (fp_line (start 2.45 -1.12) (end 2.45 1.12) (layer F.CrtYd) (width 0.05))
    (fp_line (start 2.45 1.12) (end -2.45 1.12) (layer F.CrtYd) (width 0.05))
    (fp_text user %R (at 0 0 90) (layer F.Fab)
      (effects (font (size 0.8 0.8) (thickness 0.12)))
    )
    (pad 1 smd roundrect (at -1.4875 0 90) (size 1.425 1.75) (layers F.Cu F.Paste F.Mask) (roundrect_rratio 0.175439)
      (net 4 UVcc))
    (pad 2 smd roundrect (at 1.4875 0 90) (size 1.425 1.75) (layers F.Cu F.Paste F.Mask) (roundrect_rratio 0.175439)
      (net 5 UGnd))
    (model ${KISYS3DMOD}/Capacitor_SMD.3dshapes/C_1206_3216Metric.wrl
      (at (xyz 0 0 0))
      (scale (xyz 1 1 1))
      (rotate (xyz 0 0 0))
    )
  )

  (module Capacitor_SMD:C_1206_3216Metric_Pad1.42x1.75mm_HandSolder (layer F.Cu) (tedit 5B301BBE) (tstamp 61254FF5)
    (at 124.5 97 90)
    (descr "Capacitor SMD 1206 (3216 Metric), square (rectangular) end terminal, IPC_7351 nominal with elongated pad for handsoldering. (Body size source: http://www.tortai-tech.com/upload/download/2011102023233369053.pdf), generated with kicad-footprint-generator")
    (tags "capacitor handsolder")
    (path /6126BAAC)
    (attr smd)
    (fp_text reference C4 (at 3.25 0 180) (layer F.SilkS)
      (effects (font (size 1 1) (thickness 0.15)))
    )
    (fp_text value 1uF (at 0 1.82 90) (layer F.Fab)
      (effects (font (size 1 1) (thickness 0.15)))
    )
    (fp_line (start -1.6 0.8) (end -1.6 -0.8) (layer F.Fab) (width 0.1))
    (fp_line (start -1.6 -0.8) (end 1.6 -0.8) (layer F.Fab) (width 0.1))
    (fp_line (start 1.6 -0.8) (end 1.6 0.8) (layer F.Fab) (width 0.1))
    (fp_line (start 1.6 0.8) (end -1.6 0.8) (layer F.Fab) (width 0.1))
    (fp_line (start -0.602064 -0.91) (end 0.602064 -0.91) (layer F.SilkS) (width 0.12))
    (fp_line (start -0.602064 0.91) (end 0.602064 0.91) (layer F.SilkS) (width 0.12))
    (fp_line (start -2.45 1.12) (end -2.45 -1.12) (layer F.CrtYd) (width 0.05))
    (fp_line (start -2.45 -1.12) (end 2.45 -1.12) (layer F.CrtYd) (width 0.05))
    (fp_line (start 2.45 -1.12) (end 2.45 1.12) (layer F.CrtYd) (width 0.05))
    (fp_line (start 2.45 1.12) (end -2.45 1.12) (layer F.CrtYd) (width 0.05))
    (fp_text user %R (at 0 0 90) (layer F.Fab)
      (effects (font (size 0.8 0.8) (thickness 0.12)))
    )
    (pad 1 smd roundrect (at -1.4875 0 90) (size 1.425 1.75) (layers F.Cu F.Paste F.Mask) (roundrect_rratio 0.175439)
      (net 5 UGnd))
    (pad 2 smd roundrect (at 1.4875 0 90) (size 1.425 1.75) (layers F.Cu F.Paste F.Mask) (roundrect_rratio 0.175439)
      (net 6 UCap))
    (model ${KISYS3DMOD}/Capacitor_SMD.3dshapes/C_1206_3216Metric.wrl
      (at (xyz 0 0 0))
      (scale (xyz 1 1 1))
      (rotate (xyz 0 0 0))
    )
  )

  (module LED_SMD:LED_1206_3216Metric_Pad1.42x1.75mm_HandSolder (layer F.Cu) (tedit 5B4B45C9) (tstamp 61255008)
    (at 124.25 87.9875 90)
    (descr "LED SMD 1206 (3216 Metric), square (rectangular) end terminal, IPC_7351 nominal, (Body size source: http://www.tortai-tech.com/upload/download/2011102023233369053.pdf), generated with kicad-footprint-generator")
    (tags "LED handsolder")
    (path /6126FB2D)
    (attr smd)
    (fp_text reference D1 (at 3.2375 0 180) (layer F.SilkS)
      (effects (font (size 1 1) (thickness 0.15)))
    )
    (fp_text value LED (at 0 1.82 90) (layer F.Fab)
      (effects (font (size 1 1) (thickness 0.15)))
    )
    (fp_line (start 1.6 -0.8) (end -1.2 -0.8) (layer F.Fab) (width 0.1))
    (fp_line (start -1.2 -0.8) (end -1.6 -0.4) (layer F.Fab) (width 0.1))
    (fp_line (start -1.6 -0.4) (end -1.6 0.8) (layer F.Fab) (width 0.1))
    (fp_line (start -1.6 0.8) (end 1.6 0.8) (layer F.Fab) (width 0.1))
    (fp_line (start 1.6 0.8) (end 1.6 -0.8) (layer F.Fab) (width 0.1))
    (fp_line (start 1.6 -1.135) (end -2.46 -1.135) (layer F.SilkS) (width 0.12))
    (fp_line (start -2.46 -1.135) (end -2.46 1.135) (layer F.SilkS) (width 0.12))
    (fp_line (start -2.46 1.135) (end 1.6 1.135) (layer F.SilkS) (width 0.12))
    (fp_line (start -2.45 1.12) (end -2.45 -1.12) (layer F.CrtYd) (width 0.05))
    (fp_line (start -2.45 -1.12) (end 2.45 -1.12) (layer F.CrtYd) (width 0.05))
    (fp_line (start 2.45 -1.12) (end 2.45 1.12) (layer F.CrtYd) (width 0.05))
    (fp_line (start 2.45 1.12) (end -2.45 1.12) (layer F.CrtYd) (width 0.05))
    (fp_text user %R (at 0 0 90) (layer F.Fab)
      (effects (font (size 0.8 0.8) (thickness 0.12)))
    )
    (pad 1 smd roundrect (at -1.4875 0 90) (size 1.425 1.75) (layers F.Cu F.Paste F.Mask) (roundrect_rratio 0.175439)
      (net 5 UGnd))
    (pad 2 smd roundrect (at 1.4875 0 90) (size 1.425 1.75) (layers F.Cu F.Paste F.Mask) (roundrect_rratio 0.175439)
      (net 7 "Net-(D1-Pad2)"))
    (model ${KISYS3DMOD}/LED_SMD.3dshapes/LED_1206_3216Metric.wrl
      (at (xyz 0 0 0))
      (scale (xyz 1 1 1))
      (rotate (xyz 0 0 0))
    )
  )

  (module Resistor_SMD:R_1206_3216Metric_Pad1.42x1.75mm_HandSolder (layer F.Cu) (tedit 5B301BBD) (tstamp 61255019)
    (at 109.25 87.9875 90)
    (descr "Resistor SMD 1206 (3216 Metric), square (rectangular) end terminal, IPC_7351 nominal with elongated pad for handsoldering. (Body size source: http://www.tortai-tech.com/upload/download/2011102023233369053.pdf), generated with kicad-footprint-generator")
    (tags "resistor handsolder")
    (path /6126AFD8)
    (attr smd)
    (fp_text reference FB1 (at 3.2375 0 180) (layer F.SilkS)
      (effects (font (size 1 1) (thickness 0.15)))
    )
    (fp_text value Ferrite_Bead_Small (at 0 1.82 90) (layer F.Fab)
      (effects (font (size 1 1) (thickness 0.15)))
    )
    (fp_text user %R (at 0 0 90) (layer F.Fab)
      (effects (font (size 0.8 0.8) (thickness 0.12)))
    )
    (fp_line (start 2.45 1.12) (end -2.45 1.12) (layer F.CrtYd) (width 0.05))
    (fp_line (start 2.45 -1.12) (end 2.45 1.12) (layer F.CrtYd) (width 0.05))
    (fp_line (start -2.45 -1.12) (end 2.45 -1.12) (layer F.CrtYd) (width 0.05))
    (fp_line (start -2.45 1.12) (end -2.45 -1.12) (layer F.CrtYd) (width 0.05))
    (fp_line (start -0.602064 0.91) (end 0.602064 0.91) (layer F.SilkS) (width 0.12))
    (fp_line (start -0.602064 -0.91) (end 0.602064 -0.91) (layer F.SilkS) (width 0.12))
    (fp_line (start 1.6 0.8) (end -1.6 0.8) (layer F.Fab) (width 0.1))
    (fp_line (start 1.6 -0.8) (end 1.6 0.8) (layer F.Fab) (width 0.1))
    (fp_line (start -1.6 -0.8) (end 1.6 -0.8) (layer F.Fab) (width 0.1))
    (fp_line (start -1.6 0.8) (end -1.6 -0.8) (layer F.Fab) (width 0.1))
    (pad 2 smd roundrect (at 1.4875 0 90) (size 1.425 1.75) (layers F.Cu F.Paste F.Mask) (roundrect_rratio 0.175439)
      (net 4 UVcc))
    (pad 1 smd roundrect (at -1.4875 0 90) (size 1.425 1.75) (layers F.Cu F.Paste F.Mask) (roundrect_rratio 0.175439)
      (net 4 UVcc))
    (model ${KISYS3DMOD}/Resistor_SMD.3dshapes/R_1206_3216Metric.wrl
      (at (xyz 0 0 0))
      (scale (xyz 1 1 1))
      (rotate (xyz 0 0 0))
    )
  )

  (module Connector_PinHeader_2.54mm:PinHeader_1x06_P2.54mm_Vertical (layer F.Cu) (tedit 59FED5CC) (tstamp 612555E1)
    (at 132.25 85.5)
    (descr "Through hole straight pin header, 1x06, 2.54mm pitch, single row")
    (tags "Through hole pin header THT 1x06 2.54mm single row")
    (path /61261303)
    (fp_text reference J2 (at -2.5 13.75 180) (layer F.SilkS) hide
      (effects (font (size 1 1) (thickness 0.15)))
    )
    (fp_text value Conn_01x06_Female (at 0 15.03) (layer F.Fab)
      (effects (font (size 1 1) (thickness 0.15)))
    )
    (fp_line (start -0.635 -1.27) (end 1.27 -1.27) (layer F.Fab) (width 0.1))
    (fp_line (start 1.27 -1.27) (end 1.27 13.97) (layer F.Fab) (width 0.1))
    (fp_line (start 1.27 13.97) (end -1.27 13.97) (layer F.Fab) (width 0.1))
    (fp_line (start -1.27 13.97) (end -1.27 -0.635) (layer F.Fab) (width 0.1))
    (fp_line (start -1.27 -0.635) (end -0.635 -1.27) (layer F.Fab) (width 0.1))
    (fp_line (start -1.33 14.03) (end 1.33 14.03) (layer F.SilkS) (width 0.12))
    (fp_line (start -1.33 1.27) (end -1.33 14.03) (layer F.SilkS) (width 0.12))
    (fp_line (start 1.33 1.27) (end 1.33 14.03) (layer F.SilkS) (width 0.12))
    (fp_line (start -1.33 1.27) (end 1.33 1.27) (layer F.SilkS) (width 0.12))
    (fp_line (start -1.33 0) (end -1.33 -1.33) (layer F.SilkS) (width 0.12))
    (fp_line (start -1.33 -1.33) (end 0 -1.33) (layer F.SilkS) (width 0.12))
    (fp_line (start -1.8 -1.8) (end -1.8 14.5) (layer F.CrtYd) (width 0.05))
    (fp_line (start -1.8 14.5) (end 1.8 14.5) (layer F.CrtYd) (width 0.05))
    (fp_line (start 1.8 14.5) (end 1.8 -1.8) (layer F.CrtYd) (width 0.05))
    (fp_line (start 1.8 -1.8) (end -1.8 -1.8) (layer F.CrtYd) (width 0.05))
    (fp_text user %R (at 0 6.35 90) (layer F.Fab)
      (effects (font (size 1 1) (thickness 0.15)))
    )
    (pad 1 thru_hole rect (at 0 0) (size 1.7 1.7) (drill 1) (layers *.Cu *.Mask)
      (net 4 UVcc))
    (pad 2 thru_hole oval (at 0 2.54) (size 1.7 1.7) (drill 1) (layers *.Cu *.Mask)
      (net 8 D-))
    (pad 3 thru_hole oval (at 0 5.08) (size 1.7 1.7) (drill 1) (layers *.Cu *.Mask)
      (net 9 D+))
    (pad 4 thru_hole oval (at 0 7.62) (size 1.7 1.7) (drill 1) (layers *.Cu *.Mask)
      (net 5 UGnd))
    (pad 5 thru_hole oval (at 0 10.16) (size 1.7 1.7) (drill 1) (layers *.Cu *.Mask)
      (net 6 UCap))
    (pad 6 thru_hole oval (at 0 12.7) (size 1.7 1.7) (drill 1) (layers *.Cu *.Mask)
      (net 4 UVcc))
    (model ${KISYS3DMOD}/Connector_PinSocket_2.54mm.3dshapes/PinSocket_1x06_P2.54mm_Vertical.step
      (offset (xyz 0 0 -2))
      (scale (xyz 1 1 1))
      (rotate (xyz 0 180 0))
    )
  )

  (module Resistor_SMD:R_1206_3216Metric_Pad1.42x1.75mm_HandSolder (layer F.Cu) (tedit 5B301BBD) (tstamp 61255044)
    (at 121.25 88.0125 90)
    (descr "Resistor SMD 1206 (3216 Metric), square (rectangular) end terminal, IPC_7351 nominal with elongated pad for handsoldering. (Body size source: http://www.tortai-tech.com/upload/download/2011102023233369053.pdf), generated with kicad-footprint-generator")
    (tags "resistor handsolder")
    (path /6126F76F)
    (attr smd)
    (fp_text reference R3 (at 3.2625 0 180) (layer F.SilkS)
      (effects (font (size 1 1) (thickness 0.15)))
    )
    (fp_text value 1K (at 0 1.82 90) (layer F.Fab)
      (effects (font (size 1 1) (thickness 0.15)))
    )
    (fp_line (start -1.6 0.8) (end -1.6 -0.8) (layer F.Fab) (width 0.1))
    (fp_line (start -1.6 -0.8) (end 1.6 -0.8) (layer F.Fab) (width 0.1))
    (fp_line (start 1.6 -0.8) (end 1.6 0.8) (layer F.Fab) (width 0.1))
    (fp_line (start 1.6 0.8) (end -1.6 0.8) (layer F.Fab) (width 0.1))
    (fp_line (start -0.602064 -0.91) (end 0.602064 -0.91) (layer F.SilkS) (width 0.12))
    (fp_line (start -0.602064 0.91) (end 0.602064 0.91) (layer F.SilkS) (width 0.12))
    (fp_line (start -2.45 1.12) (end -2.45 -1.12) (layer F.CrtYd) (width 0.05))
    (fp_line (start -2.45 -1.12) (end 2.45 -1.12) (layer F.CrtYd) (width 0.05))
    (fp_line (start 2.45 -1.12) (end 2.45 1.12) (layer F.CrtYd) (width 0.05))
    (fp_line (start 2.45 1.12) (end -2.45 1.12) (layer F.CrtYd) (width 0.05))
    (fp_text user %R (at 0 0 90) (layer F.Fab)
      (effects (font (size 0.8 0.8) (thickness 0.12)))
    )
    (pad 1 smd roundrect (at -1.4875 0 90) (size 1.425 1.75) (layers F.Cu F.Paste F.Mask) (roundrect_rratio 0.175439)
      (net 4 UVcc))
    (pad 2 smd roundrect (at 1.4875 0 90) (size 1.425 1.75) (layers F.Cu F.Paste F.Mask) (roundrect_rratio 0.175439)
      (net 7 "Net-(D1-Pad2)"))
    (model ${KISYS3DMOD}/Resistor_SMD.3dshapes/R_1206_3216Metric.wrl
      (at (xyz 0 0 0))
      (scale (xyz 1 1 1))
      (rotate (xyz 0 0 0))
    )
  )

  (module Resistor_SMD:R_1206_3216Metric_Pad1.42x1.75mm_HandSolder (layer F.Cu) (tedit 5B301BBD) (tstamp 61255547)
    (at 110.524999 95.25 180)
    (descr "Resistor SMD 1206 (3216 Metric), square (rectangular) end terminal, IPC_7351 nominal with elongated pad for handsoldering. (Body size source: http://www.tortai-tech.com/upload/download/2011102023233369053.pdf), generated with kicad-footprint-generator")
    (tags "resistor handsolder")
    (path /61255C02)
    (attr smd)
    (fp_text reference R1 (at -3.475001 -0.145001) (layer F.SilkS)
      (effects (font (size 1 1) (thickness 0.15)))
    )
    (fp_text value 22 (at 0 1.82) (layer F.Fab)
      (effects (font (size 1 1) (thickness 0.15)))
    )
    (fp_line (start -1.6 0.8) (end -1.6 -0.8) (layer F.Fab) (width 0.1))
    (fp_line (start -1.6 -0.8) (end 1.6 -0.8) (layer F.Fab) (width 0.1))
    (fp_line (start 1.6 -0.8) (end 1.6 0.8) (layer F.Fab) (width 0.1))
    (fp_line (start 1.6 0.8) (end -1.6 0.8) (layer F.Fab) (width 0.1))
    (fp_line (start -0.602064 -0.91) (end 0.602064 -0.91) (layer F.SilkS) (width 0.12))
    (fp_line (start -0.602064 0.91) (end 0.602064 0.91) (layer F.SilkS) (width 0.12))
    (fp_line (start -2.45 1.12) (end -2.45 -1.12) (layer F.CrtYd) (width 0.05))
    (fp_line (start -2.45 -1.12) (end 2.45 -1.12) (layer F.CrtYd) (width 0.05))
    (fp_line (start 2.45 -1.12) (end 2.45 1.12) (layer F.CrtYd) (width 0.05))
    (fp_line (start 2.45 1.12) (end -2.45 1.12) (layer F.CrtYd) (width 0.05))
    (fp_text user %R (at 0 0) (layer F.Fab)
      (effects (font (size 0.8 0.8) (thickness 0.12)))
    )
    (pad 1 smd roundrect (at -1.4875 0 180) (size 1.425 1.75) (layers F.Cu F.Paste F.Mask) (roundrect_rratio 0.175439)
      (net 9 D+))
    (pad 2 smd roundrect (at 1.4875 0 180) (size 1.425 1.75) (layers F.Cu F.Paste F.Mask) (roundrect_rratio 0.175439)
      (net 3 /DR+))
    (model ${KISYS3DMOD}/Resistor_SMD.3dshapes/R_1206_3216Metric.wrl
      (at (xyz 0 0 0))
      (scale (xyz 1 1 1))
      (rotate (xyz 0 0 0))
    )
  )

  (module Resistor_SMD:R_1206_3216Metric_Pad1.42x1.75mm_HandSolder (layer F.Cu) (tedit 5B301BBD) (tstamp 61255558)
    (at 110.524999 92.314999 180)
    (descr "Resistor SMD 1206 (3216 Metric), square (rectangular) end terminal, IPC_7351 nominal with elongated pad for handsoldering. (Body size source: http://www.tortai-tech.com/upload/download/2011102023233369053.pdf), generated with kicad-footprint-generator")
    (tags "resistor handsolder")
    (path /612566EC)
    (attr smd)
    (fp_text reference R2 (at -3.475001 -0.185001) (layer F.SilkS)
      (effects (font (size 1 1) (thickness 0.15)))
    )
    (fp_text value 22 (at 0 1.82) (layer F.Fab)
      (effects (font (size 1 1) (thickness 0.15)))
    )
    (fp_text user %R (at 0 0) (layer F.Fab)
      (effects (font (size 0.8 0.8) (thickness 0.12)))
    )
    (fp_line (start 2.45 1.12) (end -2.45 1.12) (layer F.CrtYd) (width 0.05))
    (fp_line (start 2.45 -1.12) (end 2.45 1.12) (layer F.CrtYd) (width 0.05))
    (fp_line (start -2.45 -1.12) (end 2.45 -1.12) (layer F.CrtYd) (width 0.05))
    (fp_line (start -2.45 1.12) (end -2.45 -1.12) (layer F.CrtYd) (width 0.05))
    (fp_line (start -0.602064 0.91) (end 0.602064 0.91) (layer F.SilkS) (width 0.12))
    (fp_line (start -0.602064 -0.91) (end 0.602064 -0.91) (layer F.SilkS) (width 0.12))
    (fp_line (start 1.6 0.8) (end -1.6 0.8) (layer F.Fab) (width 0.1))
    (fp_line (start 1.6 -0.8) (end 1.6 0.8) (layer F.Fab) (width 0.1))
    (fp_line (start -1.6 -0.8) (end 1.6 -0.8) (layer F.Fab) (width 0.1))
    (fp_line (start -1.6 0.8) (end -1.6 -0.8) (layer F.Fab) (width 0.1))
    (pad 2 smd roundrect (at 1.4875 0 180) (size 1.425 1.75) (layers F.Cu F.Paste F.Mask) (roundrect_rratio 0.175439)
      (net 2 /DR-))
    (pad 1 smd roundrect (at -1.4875 0 180) (size 1.425 1.75) (layers F.Cu F.Paste F.Mask) (roundrect_rratio 0.175439)
      (net 8 D-))
    (model ${KISYS3DMOD}/Resistor_SMD.3dshapes/R_1206_3216Metric.wrl
      (at (xyz 0 0 0))
      (scale (xyz 1 1 1))
      (rotate (xyz 0 0 0))
    )
  )

  (gr_text "Solder header this side" (at 117.75 91.75) (layer B.SilkS)
    (effects (font (size 0.75 0.75) (thickness 0.15)) (justify mirror))
  )
  (gr_text "ATmega32u4 USB header" (at 111 98.25) (layer F.SilkS)
    (effects (font (size 1 1) (thickness 0.15)))
  )
  (gr_text VBus (at 130 98.25) (layer B.SilkS)
    (effects (font (size 1 1) (thickness 0.15)) (justify left mirror))
  )
  (gr_text UCap (at 130.25 95.75) (layer B.SilkS)
    (effects (font (size 1 1) (thickness 0.15)) (justify left mirror))
  )
  (gr_text UGnd (at 130.25 93) (layer B.SilkS)
    (effects (font (size 1 1) (thickness 0.15)) (justify left mirror))
  )
  (gr_text D+ (at 130.25 90.5) (layer B.SilkS)
    (effects (font (size 1 1) (thickness 0.15)) (justify left mirror))
  )
  (gr_text D- (at 130.25 88) (layer B.SilkS)
    (effects (font (size 1 1) (thickness 0.15)) (justify left mirror))
  )
  (gr_text UVcc (at 130.25 85.5) (layer B.SilkS)
    (effects (font (size 1 1) (thickness 0.15)) (justify left mirror))
  )
  (gr_line (start 134 100) (end 100 100) (layer Edge.Cuts) (width 0.05) (tstamp 61255816))
  (gr_line (start 134 83.75) (end 134 100) (layer Edge.Cuts) (width 0.05))
  (gr_line (start 100 83.75) (end 134 83.75) (layer Edge.Cuts) (width 0.05))
  (gr_text VBus (at 130.25 98.25) (layer F.SilkS) (tstamp 6125561A)
    (effects (font (size 1 1) (thickness 0.15)) (justify right))
  )
  (gr_text UCap (at 130.25 95.75) (layer F.SilkS) (tstamp 61255590)
    (effects (font (size 1 1) (thickness 0.15)) (justify right))
  )
  (gr_text UGnd (at 130.25 93) (layer F.SilkS) (tstamp 61255599)
    (effects (font (size 1 1) (thickness 0.15)) (justify right))
  )
  (gr_text D+ (at 130.25 90.5) (layer F.SilkS) (tstamp 61255617)
    (effects (font (size 1 1) (thickness 0.15)) (justify right))
  )
  (gr_text D- (at 130.25 88) (layer F.SilkS) (tstamp 61255620)
    (effects (font (size 1 1) (thickness 0.15)) (justify right))
  )
  (gr_text UVcc (at 130.25 85.5) (layer F.SilkS) (tstamp 6125561D)
    (effects (font (size 1 1) (thickness 0.15)) (justify right))
  )
  (gr_line (start 100 83.75) (end 100 100) (layer Edge.Cuts) (width 0.05) (tstamp 61255BD1))

  (segment (start 106.738895 92.314999) (end 109.037499 92.314999) (width 0.2) (layer F.Cu) (net 2) (status 20))
  (segment (start 104.2125 90.35) (end 104.3125 90.45) (width 0.2) (layer F.Cu) (net 2) (status 30))
  (segment (start 105.063885 90.45) (end 105.637492 91.023607) (width 0.2) (layer F.Cu) (net 2))
  (segment (start 105.637492 91.213596) (end 106.738895 92.314999) (width 0.2) (layer F.Cu) (net 2))
  (segment (start 104.3125 90.45) (end 105.063885 90.45) (width 0.2) (layer F.Cu) (net 2) (status 10))
  (segment (start 105.637492 91.023607) (end 105.637492 91.213596) (width 0.2) (layer F.Cu) (net 2))
  (segment (start 105.187501 91.400002) (end 109.037499 95.25) (width 0.2) (layer F.Cu) (net 3) (status 20))
  (segment (start 105.187501 91.209999) (end 105.187501 91.400002) (width 0.2) (layer F.Cu) (net 3))
  (segment (start 104.2125 91) (end 104.3125 90.9) (width 0.2) (layer F.Cu) (net 3) (status 30))
  (segment (start 104.877502 90.9) (end 105.187501 91.209999) (width 0.2) (layer F.Cu) (net 3) (status 10))
  (segment (start 104.3125 90.9) (end 104.877502 90.9) (width 0.2) (layer F.Cu) (net 3) (status 30))
  (segment (start 112.25 89.475) (end 115.25 89.475) (width 0.508) (layer F.Cu) (net 4) (status 30))
  (segment (start 115.25 89.475) (end 118.25 89.475) (width 0.508) (layer F.Cu) (net 4) (status 30))
  (segment (start 121.475 89.475) (end 121.5 89.5) (width 0.508) (layer F.Cu) (net 4) (status 30))
  (segment (start 118.25 89.475) (end 121.475 89.475) (width 0.508) (layer F.Cu) (net 4) (status 30))
  (segment (start 106.7625 89.7) (end 109.25 87.2125) (width 0.381) (layer F.Cu) (net 4))
  (segment (start 109.25 87.2125) (end 109.25 86.5) (width 0.381) (layer F.Cu) (net 4) (status 20))
  (segment (start 104.2125 89.7) (end 106.7625 89.7) (width 0.381) (layer F.Cu) (net 4) (status 10))
  (segment (start 109.25 89.475) (end 112.25 89.475) (width 0.381) (layer F.Cu) (net 4) (status 30))
  (segment (start 109.25 86.5) (end 109.25 89.475) (width 0.381) (layer F.Cu) (net 4))
  (segment (start 122.125 89.5) (end 123.625 88) (width 0.508) (layer F.Cu) (net 4))
  (segment (start 121.25 89.5) (end 122.125 89.5) (width 0.508) (layer F.Cu) (net 4))
  (segment (start 130.892 85.5) (end 132.25 85.5) (width 0.508) (layer F.Cu) (net 4))
  (segment (start 128.392 88) (end 130.892 85.5) (width 0.508) (layer F.Cu) (net 4))
  (segment (start 123.625 88) (end 128.392 88) (width 0.508) (layer F.Cu) (net 4))
  (segment (start 128.392 88) (end 128.5 88.108) (width 0.508) (layer F.Cu) (net 4))
  (segment (start 128.5 88.108) (end 128.5 89.25) (width 0.508) (layer F.Cu) (net 4))
  (segment (start 128.392 89.358) (end 128.5 89.25) (width 0.508) (layer B.Cu) (net 4))
  (via (at 128.5 89.25) (size 0.8) (drill 0.4) (layers F.Cu B.Cu) (net 4))
  (segment (start 128.5 94.5) (end 128.75 94.75) (width 0.508) (layer B.Cu) (net 4))
  (segment (start 128.5 89.25) (end 128.5 94.5) (width 0.508) (layer B.Cu) (net 4))
  (segment (start 132.25 98.2) (end 128.75 94.75) (width 0.508) (layer B.Cu) (net 4))
  (via (at 113.75 86.5) (size 0.8) (drill 0.4) (layers F.Cu B.Cu) (net 5))
  (segment (start 112.25 86.5) (end 113.75 86.5) (width 0.508) (layer F.Cu) (net 5) (status 10))
  (via (at 116.75 86.5) (size 0.8) (drill 0.4) (layers F.Cu B.Cu) (net 5))
  (segment (start 115.25 86.5) (end 116.75 86.5) (width 0.508) (layer F.Cu) (net 5) (status 10))
  (via (at 119.75 86.5) (size 0.8) (drill 0.4) (layers F.Cu B.Cu) (net 5))
  (segment (start 118.25 86.5) (end 119.75 86.5) (width 0.508) (layer F.Cu) (net 5) (status 10))
  (segment (start 104.2125 92.3) (end 105.05 92.3) (width 0.381) (layer F.Cu) (net 5) (status 10))
  (via (at 105.75 93) (size 0.8) (drill 0.4) (layers F.Cu B.Cu) (net 5))
  (segment (start 105.05 92.3) (end 105.75 93) (width 0.381) (layer F.Cu) (net 5))
  (via (at 123 98.5) (size 0.8) (drill 0.4) (layers F.Cu B.Cu) (net 5))
  (segment (start 124.5 98.4875) (end 123.0125 98.4875) (width 0.508) (layer F.Cu) (net 5))
  (segment (start 123.0125 98.4875) (end 123 98.5) (width 0.508) (layer F.Cu) (net 5))
  (via (at 124.5 90.75) (size 0.8) (drill 0.4) (layers F.Cu B.Cu) (net 5))
  (segment (start 124.5 89.475) (end 124.5 90.75) (width 0.508) (layer F.Cu) (net 5))
  (via (at 104 95) (size 0.8) (drill 0.4) (layers F.Cu B.Cu) (net 5))
  (segment (start 101.5125 92) (end 101.5125 92.5125) (width 0.508) (layer F.Cu) (net 5))
  (segment (start 101.5125 92.5125) (end 104 95) (width 0.508) (layer F.Cu) (net 5))
  (segment (start 101.5125 90) (end 101.5125 89.4875) (width 0.508) (layer F.Cu) (net 5))
  (via (at 104 87) (size 0.8) (drill 0.4) (layers F.Cu B.Cu) (net 5))
  (segment (start 101.5125 89.4875) (end 104 87) (width 0.508) (layer F.Cu) (net 5))
  (segment (start 132.1025 95.5125) (end 132.25 95.66) (width 0.25) (layer F.Cu) (net 6))
  (segment (start 124.5 95.5125) (end 132.1025 95.5125) (width 0.25) (layer F.Cu) (net 6))
  (segment (start 124.225 86.525) (end 124.25 86.5) (width 0.508) (layer F.Cu) (net 7))
  (segment (start 121.25 86.525) (end 124.225 86.525) (width 0.508) (layer F.Cu) (net 7))
  (segment (start 126.7325 93.5575) (end 130.028198 90.261802) (width 0.2) (layer F.Cu) (net 8))
  (segment (start 113.254999 93.5575) (end 126.7325 93.5575) (width 0.2) (layer F.Cu) (net 8))
  (segment (start 112.012499 92.315) (end 113.254999 93.5575) (width 0.2) (layer F.Cu) (net 8))
  (segment (start 130.028198 90.261802) (end 132.25 88.04) (width 0.2) (layer F.Cu) (net 8))
  (segment (start 112.012499 92.314999) (end 112.012499 92.315) (width 0.2) (layer F.Cu) (net 8))
  (segment (start 113.254999 94.0075) (end 126.918897 94.0075) (width 0.2) (layer F.Cu) (net 9))
  (segment (start 112.012499 95.25) (end 113.254999 94.0075) (width 0.2) (layer F.Cu) (net 9))
  (segment (start 130.346397 90.58) (end 132.25 90.58) (width 0.2) (layer F.Cu) (net 9))
  (segment (start 126.918897 94.0075) (end 130.346397 90.58) (width 0.2) (layer F.Cu) (net 9))

  (zone (net 5) (net_name UGnd) (layer F.Cu) (tstamp 0) (hatch edge 0.508)
    (connect_pads (clearance 0.508))
    (min_thickness 0.254)
    (fill yes (arc_segments 32) (thermal_gap 0.508) (thermal_bridge_width 0.508))
    (polygon
      (pts
        (xy 134.5 100.5) (xy 99.5 100.5) (xy 99.5 83.25) (xy 134.5 83.25)
      )
    )
    (filled_polygon
      (pts
        (xy 130.774188 84.525518) (xy 130.76496 84.619212) (xy 130.734325 84.622229) (xy 130.717725 84.623864) (xy 130.644758 84.645998)
        (xy 130.550149 84.674697) (xy 130.395709 84.757247) (xy 130.260341 84.868341) (xy 130.232506 84.902258) (xy 128.023765 87.111)
        (xy 125.748446 87.111) (xy 125.763072 86.9625) (xy 125.763072 86.0375) (xy 125.746008 85.864246) (xy 125.695472 85.69765)
        (xy 125.613405 85.544114) (xy 125.502962 85.409538) (xy 125.368386 85.299095) (xy 125.21485 85.217028) (xy 125.048254 85.166492)
        (xy 124.875 85.149428) (xy 123.625 85.149428) (xy 123.451746 85.166492) (xy 123.28515 85.217028) (xy 123.131614 85.299095)
        (xy 122.997038 85.409538) (xy 122.886595 85.544114) (xy 122.837481 85.636) (xy 122.649156 85.636) (xy 122.613405 85.569114)
        (xy 122.502962 85.434538) (xy 122.368386 85.324095) (xy 122.21485 85.242028) (xy 122.048254 85.191492) (xy 121.875 85.174428)
        (xy 120.625 85.174428) (xy 120.451746 85.191492) (xy 120.28515 85.242028) (xy 120.131614 85.324095) (xy 119.997038 85.434538)
        (xy 119.886595 85.569114) (xy 119.804528 85.72265) (xy 119.762542 85.861059) (xy 119.763072 85.7875) (xy 119.750812 85.663018)
        (xy 119.714502 85.54332) (xy 119.655537 85.433006) (xy 119.576185 85.336315) (xy 119.479494 85.256963) (xy 119.36918 85.197998)
        (xy 119.249482 85.161688) (xy 119.125 85.149428) (xy 118.53575 85.1525) (xy 118.377 85.31125) (xy 118.377 86.373)
        (xy 118.397 86.373) (xy 118.397 86.627) (xy 118.377 86.627) (xy 118.377 87.68875) (xy 118.53575 87.8475)
        (xy 119.125 87.850572) (xy 119.249482 87.838312) (xy 119.36918 87.802002) (xy 119.479494 87.743037) (xy 119.576185 87.663685)
        (xy 119.655537 87.566994) (xy 119.714502 87.45668) (xy 119.750812 87.336982) (xy 119.763072 87.2125) (xy 119.762911 87.190157)
        (xy 119.804528 87.32735) (xy 119.886595 87.480886) (xy 119.997038 87.615462) (xy 120.131614 87.725905) (xy 120.28515 87.807972)
        (xy 120.451746 87.858508) (xy 120.625 87.875572) (xy 121.875 87.875572) (xy 122.048254 87.858508) (xy 122.21485 87.807972)
        (xy 122.368386 87.725905) (xy 122.502962 87.615462) (xy 122.613405 87.480886) (xy 122.649156 87.414) (xy 122.864206 87.414)
        (xy 122.886595 87.455886) (xy 122.897992 87.469773) (xy 122.165659 88.202106) (xy 122.048254 88.166492) (xy 121.875 88.149428)
        (xy 120.625 88.149428) (xy 120.451746 88.166492) (xy 120.28515 88.217028) (xy 120.131614 88.299095) (xy 119.997038 88.409538)
        (xy 119.886595 88.544114) (xy 119.864206 88.586) (xy 119.649156 88.586) (xy 119.613405 88.519114) (xy 119.502962 88.384538)
        (xy 119.368386 88.274095) (xy 119.21485 88.192028) (xy 119.048254 88.141492) (xy 118.875 88.124428) (xy 117.625 88.124428)
        (xy 117.451746 88.141492) (xy 117.28515 88.192028) (xy 117.131614 88.274095) (xy 116.997038 88.384538) (xy 116.886595 88.519114)
        (xy 116.850844 88.586) (xy 116.649156 88.586) (xy 116.613405 88.519114) (xy 116.502962 88.384538) (xy 116.368386 88.274095)
        (xy 116.21485 88.192028) (xy 116.048254 88.141492) (xy 115.875 88.124428) (xy 114.625 88.124428) (xy 114.451746 88.141492)
        (xy 114.28515 88.192028) (xy 114.131614 88.274095) (xy 113.997038 88.384538) (xy 113.886595 88.519114) (xy 113.850844 88.586)
        (xy 113.649156 88.586) (xy 113.613405 88.519114) (xy 113.502962 88.384538) (xy 113.368386 88.274095) (xy 113.21485 88.192028)
        (xy 113.048254 88.141492) (xy 112.875 88.124428) (xy 111.625 88.124428) (xy 111.451746 88.141492) (xy 111.28515 88.192028)
        (xy 111.131614 88.274095) (xy 110.997038 88.384538) (xy 110.886595 88.519114) (xy 110.816902 88.6495) (xy 110.683098 88.6495)
